% n_vessels
2
% n_time_periods
14
% n_turbines
60
% n_technician_types
4
% port_location (lat, lon)
53.58402,-0.069405
% turbine_locations (turbine_nr, lat, lon)
1,53.535002,0.855212
2,53.472933,0.739318
3,53.479704,0.718264
4,53.466204,0.873963
5,53.429409,0.939545
6,53.493237,0.790438
7,53.442922,0.897408
8,53.409749,0.951811
9,53.475725,0.893225
10,53.487777,0.824404
11,53.435183,0.905063
12,53.47585,0.779441
13,53.506742,0.748516
14,53.449328,0.812774
15,53.51638,0.767127
16,53.415516,0.917773
17,53.459509,0.781451
18,53.491327,0.763896
19,53.530213,0.788906
20,53.421584,0.94706
21,53.477639,0.91958
22,53.51247,0.714033
23,53.435823,0.854733
24,53.500774,0.896583
25,53.469586,0.749857
26,53.483084,0.70801
27,53.437249,0.931826
28,53.516108,0.881128
29,53.43917,0.844249
30,53.454466,0.942671
31,53.491313,0.877353
32,53.531644,0.865789
33,53.483289,0.771295
34,53.485331,0.911996
35,53.470019,0.813526
36,53.468159,0.90081
37,53.455984,0.791918
38,53.462241,0.821123
39,53.452498,0.916209
40,53.529257,0.775562
41,53.531171,0.802074
42,53.442518,0.83393
43,53.423531,0.973484
44,53.444779,0.924381
45,53.460151,0.908414
46,53.482108,0.858993
47,53.471949,0.840214
48,53.52547,0.722428
49,53.486509,0.697265
50,53.499452,0.705712
51,53.432414,0.865175
52,53.439071,0.958104
53,53.497218,0.729484
54,53.452658,0.802567
55,53.533027,0.828728
56,53.506593,0.861867
57,53.504863,0.721618
58,53.477597,0.806023
59,53.528341,0.762289
60,53.462256,0.935029
% distance_matrix where both axis is (port, turbine 1, ..., turbine n)
0,33.21420975919511,29.717308058042075,28.890001123106938,34.515557797751626,37.32070631844038,31.260576809693614,35.65355913887758,38.062617092856954,35.07649835859281,32.517298261182006,36.0356365573557,31.080767730517557,29.64152599495602,32.61703403664935,30.212887457827232,36.79236424959677,31.376457580728776,30.346985163039207,30.882370943756438,37.7037521241513,35.98278200546186,28.36712571377003,34.28179978887019,34.93753487507439,30.131539878679447,28.48670902175769,36.93441552702357,34.262106585743744,33.86578028110997,37.07365047932101,34.34780220425542,33.61079686392026,30.701773497327416,35.63262232238168,32.34971788246044,35.43297107679078,31.79245648249948,32.71984262299278,36.17407821138936,30.41406047337645,31.34476381022602,33.45577024840192,38.58872493775963,36.56624587147377,35.80018101878544,33.79880976056445,33.259885139582096,28.553096645435648,28.066181656939083,28.2074006984327,34.6976680557213,37.82302263160816,29.069336165135738,32.21221302657151,32.282248620492034,33.65578620405837,28.710185574424294,31.990323530479664,29.94836999949232,36.706708663601354
33.21420975919511,0.0,5.581574881053374,5.925652343171934,4.18863993835931,7.028859613022978,3.417969641331438,5.736461060113216,8.285640618755771,3.813697671375245,3.0450056359017443,6.259065576345169,4.472718593903701,4.1815488851558635,5.3684939986220535,3.346903845954183,7.522617392211115,5.2505218539172835,4.193777583408684,2.3913693448062827,7.5694831901542825,4.147423260538369,5.23394744075329,5.960157135909646,2.53505988441637,5.450043174088154,6.12714225674565,6.484583501946929,1.4664488127981476,5.772386399945389,5.765968516347365,2.7426603993500196,0.42910058312399746,4.3237573334379285,3.612176037800029,4.181015476276989,4.336453824957633,5.262445533638703,4.539967385678761,5.418536870459993,2.872605048001027,1.9163854231328088,5.609898022566153,7.927833209154932,5.961767149162299,4.88546263010831,3.181546128182498,3.8270744466812445,4.788783852317878,6.364359614333015,5.765021599531945,6.175328328690156,6.843597161910553,5.043317840694867,5.295881145886168,0.9555885191821425,1.7237968654185072,5.115907254505377,3.873786322872272,3.3510382092683355,5.224087539754084
29.717308058042075,5.581574881053374,0.0,0.8574970455402848,4.844826515415291,7.643982674102224,2.2014825135731373,5.95004000679864,8.517497055190715,5.520525005185121,3.1778956255337305,6.3633423544152485,1.4491555912435081,2.0583127898723315,2.992046551752088,2.7946577858522144,7.2731640281344845,1.7127467192088084,1.4135321462804848,3.87372130416342,8.066403236641767,6.468910311213648,2.542894947949812,4.702331390670598,5.879772298763419,0.4280747954266632,1.2774418079986307,7.230359697369343,5.705884601888444,4.27573743996339,7.376522942478895,5.069798514694226,5.742947283550596,1.3043945635023957,6.234941139263324,2.6664890905797365,5.797534649603783,2.1437134826446367,3.002937332991129,6.461511644090808,3.6253529786563075,4.159855551520414,3.8543506096414926,8.909772876394834,6.849654205639478,6.112108768197812,4.325629060563508,3.6180337867656442,3.214683862170815,1.7141242764693285,1.9976521758214323,5.129395682126167,8.10698081936265,1.501364043582076,2.5747889824326053,4.827393322925776,4.835527871416253,2.020970177100032,2.4078674760782697,3.429952051301208,7.047139432585507
28.890001123106938,5.925652343171934,0.8574970455402848,0.0,5.641045401406759,8.493189001852318,2.711715550653661,6.794356730041244,9.374543728740491,6.276873113063369,3.8353665080245247,7.21434141947535,2.2053755687303234,1.9533196891256241,3.8495431633161803,2.814854356723018,8.130660175868677,2.5702381428794454,1.7784986449161908,3.9520370925661954,8.91975368085721,7.218042250121258,1.9748949626983983,5.559827860623177,6.515044389070565,1.2855675126435573,0.41996070663493384,8.073344263966543,6.2324447115638835,5.133234213225633,8.188635784536228,5.744781478438275,6.138135710244623,1.9131511189704677,6.95269688205051,3.464589611687288,6.581489911934716,3.0012105188516025,3.8344607999378404,7.284078674014889,3.616889540095121,4.310654502270216,4.711847179437406,9.757704536389744,7.684122017907564,6.918598311781521,5.046796575889917,4.396845605147592,2.7543455638196424,0.8566299369449127,1.2691544805494386,5.9868924816014335,8.941781530978602,1.126705626427799,3.432284635816766,5.092131638012975,5.3939964334627115,1.5166947765252965,3.148620960841838,3.3212762209609163,7.8426194863881475
34.515557797751626,4.18863993835931,4.844826515415291,5.641045401406759,0.0,3.228735079704499,3.406529219648841,1.6324023021586744,4.394676680014164,0.8968627886303856,2.1994111097791813,2.172519012880304,3.4383440107719263,5.113863969840948,2.417635886566895,4.87360583810794,3.4277488411241235,3.342001904003909,4.224756807760459,4.907701454096339,3.7507271000335476,1.7740776168048762,6.370626545023124,1.9517006118022882,2.2300922970764425,4.454841524649711,6.035665378355339,2.708507435789263,3.0099421461176274,1.9430313810604942,2.563148713478103,1.5138021789900233,3.9434979734308975,3.8213947521345,1.783374457809837,2.179236935067895,0.9698404081202285,3.005859522832445,1.9098118968113786,1.7245668821166358,5.175941398975536,4.677400091508931,2.021891590460964,4.396030604818035,2.2199316423236004,1.2879191626755429,1.0961349589866904,1.2584251345061188,6.493976760075961,6.451240506300309,6.353388689863409,2.054914594690004,3.4304947369727206,5.5042063876251,2.686912947711135,4.330482747802264,2.4655826139218955,5.934196538066647,2.530355704070943,5.473279134303794,2.2027128652985657
37.32070631844038,7.028859613022978,7.643982674102224,8.493189001852318,3.228735079704499,0.0,6.58092519769162,1.7163367533633158,1.2608392620812954,3.241552174570593,5.4182192364140445,1.2852182888048898,6.385277888284686,8.277586038338306,4.703672878635889,8.095145905652252,1.1436056748339944,5.953508031314709,7.316392807561294,8.115286124309788,0.5421096760768188,2.985517062173025,9.502423424742695,3.0680252846638223,4.5569752933601295,7.220422011719471,8.909085910429129,0.546541612044072,5.6153720682845165,3.4697714429277013,1.5099533789683872,4.337520818177996,6.688536789572827,6.84851833600652,3.5028518681082668,5.137382606446237,2.7117496933281275,5.53227242962523,4.684366514292847,1.6205850449462929,8.400063340514041,7.853837761780309,3.8709992923156284,1.2683520508599564,1.0720168350847705,2.158803149500876,4.286862902073921,4.385438473192245,9.690704643081475,9.342679837188472,9.382622944931017,2.6751850487511097,0.8835774770112086,8.564703842642617,5.109589576077683,7.3860947719538315,5.410404650379157,9.034829874556213,5.5968523625980735,8.702008771086124,1.9805556045280892
31.260576809693614,3.417969641331438,2.2014825135731373,2.711715550653661,3.406529219648841,6.58092519769162,0.0,4.884184313913564,7.660387091496999,3.831660615217812,1.260753975021871,5.391487148402992,1.1167458904278111,1.7073351820376472,2.7575488684190708,1.6222683982951969,6.532682997713506,2.052319180315197,0.958099970138534,2.2227490796010745,7.077992763885497,4.722829495344726,2.9714828192393647,4.149756202236723,3.830424757739727,2.0337715327259653,3.016649435414246,6.0850172645456535,3.5279009623111537,3.77893340094582,5.934519417519793,3.116964409302135,3.551391962748396,0.9100156482987167,4.382474751555739,1.622270695656867,4.233839382786656,2.2393325900662293,2.163269876144253,5.131096098738631,2.229247523645464,2.3174342211047714,3.4237505994081068,7.787703382519636,5.616680958464346,4.67355525941409,2.5465007227449408,2.195487137526685,3.1125286791608753,3.363667275493433,3.058966640629253,4.532510945022773,6.837016394877671,2.1973516903958874,2.4770495310408167,2.756605911258786,2.682280943916411,2.5630097471367765,1.0933575368689308,2.3381771280157166,5.507767775567154
35.65355913887758,5.736461060113216,5.95004000679864,6.794356730041244,1.6324023021586744,1.7163367533633158,4.884184313913564,0.0,2.790529646844176,1.9769784230784873,3.7575973080519742,0.5401280862506905,4.670787644555376,6.573009091683897,3.0606720448185056,6.426447606157981,1.8018449610236664,4.2773897540541945,5.601997734020324,6.530060899948623,2.195334313040874,2.232703885112434,7.790045359001979,1.5895852261173662,3.4767165745493998,5.5295966253858415,7.208287393968547,1.2811611508639582,4.436638941185929,1.9206630692361435,1.7657607599996692,2.995635583203079,5.450834861541796,5.13218186003737,2.601686337303822,3.421055588675671,1.5215034389462205,3.864859656252567,2.9725107645470077,0.8866180070628273,6.781700246946137,6.308767563509729,2.277675448716953,2.968446555570982,0.9741596384685393,1.1080856314991232,2.728246335843471,2.692752922955271,7.996685351586453,7.64030423584074,7.667011599287027,1.3177852754762103,2.1900793947164967,6.848385928269088,3.452361525256122,5.948089229065273,4.032876533858429,7.319728948084806,3.8838105247196366,7.0573024506567394,1.7807541794782478
38.062617092856954,8.285640618755771,8.517497055190715,9.374543728740491,4.394676680014164,1.2608392620812954,7.660387091496999,2.790529646844176,0.0,4.487535769900888,6.5481056772564505,2.2698167469265114,7.350315116856721,9.33482303766809,5.527940244894303,9.215630529731664,1.2703101292145338,6.805687353215779,8.335141354768028,9.301917569179741,0.7313805689565049,4.240522530321234,10.527375597709458,3.8207889265121286,5.817740250677809,8.089605269099957,9.794157846211267,1.801573096739654,6.8758901998683655,4.2464686259959965,2.7071765120322873,5.582055186988328,7.948101099160131,7.840392730549756,4.7613499479473536,6.143161694196109,3.958520173032687,6.375456429773197,5.6519235012961335,2.869173267933526,9.56643072282395,9.059190450900003,4.66694069160378,1.1363811976127074,2.32394585100888,3.405780139070064,5.476962109298453,5.477700570614394,10.771075454264992,10.230707991693627,10.343201486695813,3.3951937892514943,1.7764981642711128,9.55138302961982,5.944588055839326,8.623188066873535,6.654071820321522,10.041787686964945,6.632035709316987,9.847429644063553,3.2123210505396123
35.07649835859281,3.813697671375245,5.520525005185121,6.276873113063369,0.8968627886303856,3.241552174570593,3.831660615217812,1.9769784230784873,4.487535769900888,0.0,2.5711030786426514,2.4730714936987392,4.07932599639861,5.510933536703824,3.292517164806315,5.136837540552136,3.723860875241291,4.124793238857037,4.729650929975554,4.969067381477069,3.783594730248266,0.951819979303,6.790582890389431,2.7669540347686,1.510116542210016,5.153547590543444,6.654368053027851,2.6950239775355476,2.4652207261287584,2.8127244426657017,2.185454511389551,1.095989759869207,3.501262025789022,4.394554452625857,0.8865797994119554,2.878019373700892,0.5298025925412164,3.8216435248838634,2.709384734047162,1.6210066644235133,5.302972740925296,4.665576157246881,2.916308504361057,4.257657333243751,2.169560265381037,1.0828540281961645,1.2857284332919605,1.914105550085429,6.810864150299096,7.05439487683706,6.8703330224462755,2.79045268760755,3.204195343715409,6.00932164321673,3.5342937413284763,4.147008140410422,2.1688756274413463,6.3946696886621694,3.128275739467406,5.657442221911492,1.7035460770496569
32.517298261182006,3.0450056359017443,3.1778956255337305,3.8353665080245247,2.1994111097791813,5.4182192364140445,1.260753975021871,3.7575973080519742,6.5481056772564505,2.5711030786426514,0.0,4.284533683124361,1.7639439271669701,2.948493210855376,2.3479061530400545,2.6769555183964138,5.484067804727498,2.292897018211317,2.179064670559925,2.84966366572335,5.931219008294203,3.4656117070256216,4.223935037528399,3.3061892947853107,2.701947253551736,2.887378291117569,4.181466800051848,4.905231036945531,2.6512753421141606,3.0064594046819124,4.689256998976749,1.9095435846224091,3.0244603201142666,1.9226086740783184,3.142942837198654,1.1361791430185537,2.9820615692500763,2.2376427642710484,1.5390774158393365,3.915420681801604,3.0455245210058797,2.727690894404632,2.7411855602299737,6.595387885065846,4.419258377052466,3.439238982470889,1.2857529053999706,1.107227617518504,4.298579929818472,4.557534914113042,4.310970253359406,3.6341610074874464,5.617519286815518,3.4486698190053504,2.2510257316460955,2.723704655655761,1.7551897659446576,3.8236864472231273,0.8990970658300701,3.3005979866863115,4.252339615389305
36.0356365573557,6.259065576345169,6.3633423544152485,7.21434141947535,2.172519012880304,1.2852182888048898,5.391487148402992,0.5401280862506905,2.2698167469265114,2.4730714936987392,4.284533683124361,0.0,5.1259480748882424,7.071008481089277,3.4186645525211636,6.947268843139076,1.2668651214364786,4.669363493702716,6.083805752534898,7.067511730470876,1.7146114681989457,2.603958536826069,8.27530022172748,1.806520527309686,3.953371434859693,5.938887472481331,7.6311408669407506,0.9683761648282787,4.9382821244585955,2.1953611880043242,1.778587929586673,3.5164377973146674,5.9652864174728855,5.601308677264535,3.0238567361170205,3.8941020532261157,1.9875355977827633,4.2473976548033034,3.4222527637495497,1.1147322304668976,7.315006677948413,6.84853369453874,2.5902154062694387,2.5535479391409,0.9016727510596647,1.5052432926298682,3.2683698996772605,3.2081965654207747,8.50308330021626,8.065535342822205,8.125075992076944,1.441092505745057,1.9176109999802275,7.317069948324073,3.8243872071211342,6.485365796359843,4.562294921107293,7.797418646140588,4.372156926936332,7.5851267015238655,1.9500140464407711
31.080767730517557,4.472718593903701,1.4491555912435081,2.2053755687303234,3.4383440107719263,6.385277888284686,1.1167458904278111,4.670787644555376,7.350315116856721,4.07932599639861,1.7639439271669701,5.1259480748882424,0.0,2.1621120169485897,1.992304362019087,2.4752916101638673,6.146248104130712,0.9846460436733104,1.08422320983021,3.284491359188948,6.840558397352917,5.025220349410037,3.2151344111887803,3.6165090305980843,4.457641619641242,1.1255208418850966,2.5973213712087033,5.937574487208073,4.373894616840481,3.203416927480278,5.992889935576871,3.630575897880962,4.5621179540779275,0.5339699871486246,4.7857858324692515,1.271323318294086,4.3761146814023055,1.2749252306784808,1.7037189401365158,5.101478128971532,3.2124947032709916,3.421975120604263,2.7984737853289268,7.63809553514416,5.523373273617254,4.7199593212627,2.8765285486662675,2.1914707147681254,3.614527275636247,3.0145925152981006,2.999136241450991,4.03368604908792,6.778536118499005,2.2034269140027622,1.6217926207951232,3.8632274012706342,3.484171435558169,2.70821587012807,0.9587472440856202,3.2137445635609083,5.638428839128103
29.64152599495602,4.1815488851558635,2.0583127898723315,1.9533196891256241,5.113863969840948,8.277586038338306,1.7073351820376472,6.573009091683897,9.33482303766809,5.510933536703824,2.948493210855376,7.071008481089277,2.1621120169485897,0.0,4.14861948123736,0.8831283635863489,8.17933295214473,3.074172818931371,1.0778917644861012,2.0204191719226587,8.768343073530946,6.375114887490772,1.2823460049279447,5.715548439923051,5.31703144447869,2.2333969834904455,2.03181655146902,7.7870469730229885,4.783574002919815,5.317018650823857,7.63609072029375,4.708658796234735,4.458746527912036,1.6287258720049496,5.99783981225682,3.2092333078225352,5.930501218151283,3.424151263915046,3.7316099327950254,6.838430821249859,1.6640456910550383,2.415497087241821,4.926816054598012,9.491510347079954,7.3224787722583,6.378856286436097,4.226744621524626,3.8951968349502706,1.462796040937099,2.202548507645247,1.594945483787654,6.119556006464425,8.544351313436847,0.8902642955907126,3.7839041149541197,3.2783722159865207,4.060854443013331,0.9702444356813601,2.704623107422816,1.3885698903363901,7.200090594564358
32.61703403664935,5.3684939986220535,2.992046551752088,3.8495431633161803,2.417635886566895,4.703672878635889,2.7575488684190708,3.0606720448185056,5.527940244894303,3.292517164806315,2.3479061530400545,3.4186645525211636,1.992304362019087,4.14861948123736,0.0,4.349010035318304,4.281117860630463,1.2793215739757346,3.072723822395474,4.93546001924112,5.099177463052951,4.191109000261022,5.189106762463208,1.7102848968762836,4.3112088160497555,2.563976515206544,4.269478732595394,4.332682757951582,4.701975663685781,1.2836912461417258,4.669827060373793,3.424563872932599,5.29909929557655,2.5253802923823194,4.164150973094338,1.243706551944222,3.3541454673970965,0.8483396136994462,0.8317772334756764,3.7153479336409463,4.985028746815146,4.933261858776044,0.8623040615831666,5.971742303145597,4.0132942102987,3.4916385375986967,2.57439380344928,1.678224855906645,5.605615561088944,4.706166191265918,4.879235888887524,2.137349504310044,5.250462830151724,4.147302365147746,0.4172657142120867,5.0622645413996885,3.8652487831365403,4.670928687156473,1.715975583703392,5.081334964170252,4.453366216655579
30.212887457827232,3.346903845954183,2.7946577858522144,2.814854356723018,4.87360583810794,8.095145905652252,1.6222683982951969,6.426447606157981,9.215630529731664,5.136837540552136,2.6769555183964138,6.947268843139076,2.4752916101638673,0.8831283635863489,4.349010035318304,0.0,8.119305360992476,3.4559920250247638,1.5100009441606408,1.1398912312986302,8.606939789582734,5.938333458001881,1.9162273538491297,5.770628412576297,4.731481461867491,2.879376325459709,2.91386259115417,7.581359744454553,4.083243185543873,5.401191160331561,7.309845267113274,4.226705549410572,3.6502957640645977,1.9941986106770417,5.515875246374834,3.2445285998196085,5.59909250978926,3.7366685451243975,3.785515871102628,6.579738403725989,0.8307122153860595,1.5350247436381268,5.043520790205226,9.267223406609103,7.091670139504545,6.087750083806342,3.882935715613123,3.7402114849393797,1.6914597149408408,3.0802725220724603,2.4239518394487924,6.149657025038586,8.273952196499259,1.7733263321844353,4.034556794064679,2.4221876301218703,3.444300961300143,1.7710616372486823,2.715620007453043,0.7393836495967748,6.840381718331738
36.79236424959677,7.522617392211115,7.2731640281344845,8.130660175868677,3.4277488411241235,1.1436056748339944,6.532682997713506,1.8018449610236664,1.2703101292145338,3.723860875241291,5.484067804727498,1.2668651214364786,6.146248104130712,8.17933295214473,4.281117860630463,8.119305360992476,0.0,5.560426767678221,7.156921041559125,8.29799747198069,1.1128332648052894,3.733801563627686,9.345065716072098,2.570833122807593,5.179592174054117,6.845092828182444,8.550592109535254,1.4000451121370887,6.186206925485726,2.997428826226616,2.5054032153355528,4.7801595671095,7.2232596123059825,6.648259888650671,4.200602020363366,4.971677870952827,3.2215575686770155,5.129454961398161,4.462248632740741,2.2231116419402936,8.527523390565493,8.094037847096821,3.418813965660431,2.0571414284096345,1.7744548438633367,2.703247411275027,4.523379204962585,4.38683409034493,9.62914981647379,8.987280723923408,9.126518673723776,2.1437727514824907,2.0246364418144056,8.349629573153369,4.698375649611564,7.749885871252633,5.828911012444132,8.849875599041345,5.476450156580836,8.777775805900504,2.876243493262633
31.376457580728776,5.2505218539172835,1.7127467192088084,2.5702381428794454,3.342001904003909,5.953508031314709,2.052319180315197,4.2773897540541945,6.805687353215779,4.124793238857037,2.292897018211317,4.669363493702716,0.9846460436733104,3.074172818931371,1.2793215739757346,3.4559920250247638,5.560426767678221,0.0,2.0130086895140153,4.257332867679486,6.364302682852847,5.071377367278115,3.996080993133723,2.9895982585223115,4.814915527274184,1.2846722506461663,2.9901655070308677,5.558011168084029,4.932745647474596,2.563008854516143,5.790457200391945,3.9337593357096696,5.284464675235064,1.4747139932238382,4.931119025992459,1.3122290752431072,4.311841357070456,0.4310573006239529,1.4322376650014603,4.851841449762792,4.196800939235288,4.369464106619,2.1416203829870026,7.221455374454604,5.202945047969979,4.553675859624875,3.0942746028855885,2.235914186709846,4.492970047501663,3.4268544665022844,3.6240283535627906,3.416665786866919,6.455127876137439,2.9335875119359174,0.8620564538504398,4.731727956795882,4.0391918522633805,3.468226679571987,1.3992386265693133,4.193055963025043,5.510392845138147
30.346985163039207,4.193777583408684,1.4135321462804848,1.7784986449161908,4.224756807760459,7.316392807561294,0.958099970138534,5.601997734020324,8.335141354768028,4.729650929975554,2.179064670559925,6.083805752534898,1.08422320983021,1.0778917644861012,3.072723822395474,1.5100009441606408,7.156921041559125,2.0130086895140153,0.0,2.502704238589126,7.792717392530438,5.640652733505417,2.1923032052537588,4.662319155462152,4.788524573606251,1.4000937327215357,2.0633983474357187,6.843061830593458,4.456367879507597,4.25759169525267,6.78174501682627,4.066110252555178,4.380899263125387,0.5510501224308725,5.32024679765133,2.192002918688866,5.101757063432887,2.349559178268237,2.695245422205591,5.938754742482505,2.317393972516521,2.7574588831679128,3.861376168622069,8.550327404989401,6.3985077410113105,5.509508604941455,3.453218305505049,2.973269171533066,2.533144442573726,2.4055673080768374,2.141426914202296,5.072159644334721,7.639623425589523,1.282992632209095,2.706013442128813,3.4165856460646826,3.6283816985947297,1.7195083509764617,1.7207283709739902,2.225099234142447,6.379100973310744
30.882370943756438,2.3913693448062827,3.87372130416342,3.9520370925661954,4.907701454096339,8.115286124309788,2.2227490796010745,6.530060899948623,9.301917569179741,4.969067381477069,2.84966366572335,7.067511730470876,3.284491359188948,2.0204191719226587,4.93546001924112,1.1398912312986302,8.29799747198069,4.257332867679486,2.502704238589126,0.0,8.646629458959135,5.648075874614181,2.885651354813209,6.1435384082629,4.243173032579598,3.9027964298227436,4.052234282713135,7.579903481431912,3.4096494800365527,5.819720354671123,7.147504155149044,3.9374117260635435,2.7541340300886987,2.889612675186137,5.169104672476587,3.723361114257131,5.475778335800703,4.462081141484201,4.244773509868029,6.528870327732638,0.48123617308991834,0.4749839934855773,5.5115534638612305,9.213498458319602,7.066574947548572,6.005631827523752,3.8290788912018265,3.9546399994438444,2.397417953045909,4.204240721567405,3.506703886140919,6.481989164134975,8.171905351139321,2.908949686866165,4.686293462312359,1.4357946305020433,2.973768117538259,2.8511203053293244,3.220875081063235,0.959673800456891,6.6404594614768335
37.7037521241513,7.5694831901542825,8.066403236641767,8.91975368085721,3.7507271000335476,0.5421096760768188,7.077992763885497,2.195334313040874,0.7313805689565049,3.783594730248266,5.931219008294203,1.7146114681989457,6.840558397352917,8.768343073530946,5.099177463052951,8.606939789582734,1.1128332648052894,6.364302682852847,7.792717392530438,8.646629458959135,0.0,3.5098710192725817,9.982710355028875,3.4224136389858066,5.091571534877106,7.640495732721602,9.337539616114936,1.0886359616222672,6.152709103305998,3.8382145267531413,1.9822844312426742,4.879545195715019,7.22733442622146,7.314486915007572,4.032028312304317,5.60565313575888,3.2537949632558916,5.938337452986733,5.136863860087197,2.162596945505374,8.925929208031901,8.38974991381188,4.2504738025140725,0.9557124824806399,1.6141030238571914,2.7008011733494373,4.81755187174017,4.884054382582351,10.190118338127215,9.772701587409118,9.83968741931686,3.010256313665712,1.123132312654128,9.03060832765927,5.5110035410845315,7.927664998246861,5.952421660404569,9.50842051153133,6.076909464090219,9.221816316184338,2.48198074873998
35.98278200546186,4.147423260538369,6.468910311213648,7.218042250121258,1.7740776168048762,2.985517062173025,4.722829495344726,2.232703885112434,4.240522530321234,0.951819979303,3.4656117070256216,2.603958536826069,5.025220349410037,6.375114887490772,4.191109000261022,5.938333458001881,3.733801563627686,5.071377367278115,5.640652733505417,5.648075874614181,3.5098710192725817,0.0,7.6574491329654535,3.424107476527626,1.6162432042105759,6.104335804993715,7.591324713445583,2.466634367014559,2.69126418787134,3.555863333832339,1.6201521203430342,1.7222660461252517,3.774491756118239,5.326477135676535,0.5362664109516028,3.829837197341362,0.8817325877478841,4.759205505661963,3.649565917338844,1.5156641786567788,6.020527068904036,5.298351939967141,3.727002028938093,3.7831103206932934,1.9821962123887584,1.1246183112846664,2.1884632861154034,2.8659229175746788,7.626321812881325,7.986937251400866,7.7764496167349995,3.3458063934681443,2.6983230693203,6.91419309232952,4.45658947151129,4.6554911152994265,2.7028514213181127,7.280827845222175,4.071006385488973,6.406452158545426,1.0776983846939117
28.36712571377003,5.23394744075329,2.542894947949812,1.9748949626983983,6.370626545023124,9.502423424742695,2.9714828192393647,7.790045359001979,10.527375597709458,6.790582890389431,4.223935037528399,8.27530022172748,3.2151344111887803,1.2823460049279447,5.189106762463208,1.9162273538491297,9.345065716072098,3.996080993133723,2.1923032052537588,2.885651354813209,9.982710355028875,7.6574491329654535,0.0,6.831013041767851,6.577593603444393,2.879203763476559,1.7790857886553828,9.022427708847164,5.989161710054175,6.418538043129249,8.905996765266659,5.9881933187666965,5.5555562384283945,2.699135096406409,7.278472931317828,4.384292645113022,7.204134584608896,4.395050339560629,4.883007023632246,8.09382700678154,2.4235109398891774,3.3472805305967124,6.012224546036935,10.729363209283157,8.568005940497178,7.643686984487366,5.505533722485082,5.135990093906689,0.8370959860568485,1.6718158447552416,0.8371893678766438,7.246480586478009,9.79915718409731,1.070759859290406,4.794902959381609,4.2891957637236136,5.307617883859463,0.5318009960783565,3.90623635394782,1.9739448971494478,8.4761988401068
34.28179978887019,5.960157135909646,4.702331390670598,5.559827860623177,1.9517006118022882,3.0680252846638223,4.149756202236723,1.5895852261173662,3.8207889265121286,2.7669540347686,3.3061892947853107,1.806520527309686,3.6165090305980843,5.715548439923051,1.7102848968762836,5.770628412576297,2.570833122807593,2.9895982585223115,4.662319155462152,6.1435384082629,3.4224136389858066,3.424107476527626,6.831013041767851,0.0,4.181734897570339,4.274260840994682,5.979761835845586,2.767771214412568,4.9166206567761295,0.4265974749212605,3.347987024948882,3.431890856815838,5.771953680417726,4.134194090300421,3.6151367159043923,2.5313677421821783,2.551075186853831,2.558621961394284,1.9935286645689119,2.4226021318133264,6.291331340218739,6.032803186913683,0.8479808778861292,4.325545799894306,2.556360815331694,2.417864558540874,2.7856640600778717,2.2325627884880306,7.177534723246443,6.416449878262819,6.570810998917555,0.42706979416237556,3.7144696859967423,5.812443183894316,2.1275443243091514,5.915347194892004,4.260577249545989,6.324149040172973,3.058497590813577,6.472463877578246,3.2894889696599607
34.93753487507439,2.53505988441637,5.879772298763419,6.515044389070565,2.2300922970764425,4.5569752933601295,3.830424757739727,3.4767165745493998,5.817740250677809,1.510116542210016,2.701947253551736,3.953371434859693,4.457641619641242,5.31703144447869,4.3112088160497555,4.731481461867491,5.179592174054117,4.814915527274184,4.788524573606251,4.243173032579598,5.091571534877106,1.6162432042105759,6.577593603444393,4.181734897570339,0.0,5.583159233782015,6.841147262370816,4.021233346658498,1.0750311845218685,4.150488033721352,3.236394244271957,0.8933692179428135,2.158248914590636,4.611348285242508,1.0799813863689607,3.504090914006518,1.965835869186163,4.617751381709602,3.5607688150796335,2.9852307151885245,4.660485644595763,3.846509303773449,4.159624469316468,5.399351461885826,3.5094933732084237,2.477791419508812,1.7530299047592017,2.6613276346532992,6.412331478353427,7.194091741523682,6.839544291682657,4.259652061261561,4.314562084944187,5.991280400222867,4.44087187131749,3.108597391713495,1.2920247178228188,6.273571764354419,3.531910537418068,5.087521875979559,2.69393355759784
30.131539878679447,5.450043174088154,0.4280747954266632,1.2855675126435573,4.454841524649711,7.220422011719471,2.0337715327259653,5.5295966253858415,8.089605269099957,5.153547590543444,2.887378291117569,5.938887472481331,1.1255208418850966,2.2333969834904455,2.563976515206544,2.879376325459709,6.845092828182444,1.2846722506461663,1.4000937327215357,3.9027964298227436,7.640495732721602,6.104335804993715,2.879203763476559,4.274260840994682,5.583159233782015,0.0,1.7055036104069987,6.810408162508114,5.472398493673136,3.8476677498525595,6.974334464748455,4.753258069791364,5.582388535380663,1.1264170042037966,5.8891928075523134,2.2830943006841413,5.413439475059565,1.715647317674736,2.593419384797367,6.053754815359236,3.702316655209849,4.1469870306962235,3.4262803524734666,8.486813593804083,6.434737162795577,5.714153344175512,3.984381739512382,3.242920631634488,3.499209553043525,2.1421899897810097,2.3927083091548536,4.701326018296411,7.691515530032046,1.814021914700567,2.146717199625104,4.745622206362722,4.589391095974216,2.349182058143476,2.070481515133735,3.5588615072369603,6.654814021062986
28.48670902175769,6.12714225674565,1.2774418079986307,0.41996070663493384,6.035665378355339,8.909085910429129,3.016649435414246,7.208287393968547,9.794157846211267,6.654368053027851,4.181466800051848,7.6311408669407506,2.5973213712087033,2.03181655146902,4.269478732595394,2.91386259115417,8.550592109535254,2.9901655070308677,2.0633983474357187,4.052234282713135,9.337539616114936,7.591324713445583,1.7790857886553828,5.979761835845586,6.841147262370816,1.7055036104069987,0.0,8.486499405759695,6.512785799928848,5.553169857875383,8.588269438649663,6.089671255651556,6.361256446394662,2.268496663087085,7.3129870601575195,3.8634509156178845,6.970129050354303,3.4211508741593475,4.24457958899232,7.688569522336285,3.6818766417581164,4.439222568622309,5.131781994986241,10.172933261627382,8.09361684482297,7.316440836890341,5.412407312390369,4.786514088443587,2.5990326162527997,0.4366898898619756,0.9870727655178974,6.4068279692214425,9.351173512177228,1.1461894303155762,3.852217512408455,5.2640608013821755,5.691646353582281,1.3967028843896254,3.5289689717671933,3.3434054280088437,8.235222585184117
36.93441552702357,6.484583501946929,7.230359697369343,8.073344263966543,2.708507435789263,0.546541612044072,6.0850172645456535,1.2811611508639582,1.801573096739654,2.6950239775355476,4.905231036945531,0.9683761648282787,5.937574487208073,7.7870469730229885,4.332682757951582,7.581359744454553,1.4000451121370887,5.558011168084029,6.843061830593458,7.579903481431912,1.0886359616222672,2.466634367014559,9.022427708847164,2.767771214412568,4.021233346658498,6.810408162508114,8.486499405759695,0.0,5.075593036969956,3.144653589015339,1.1053833727691116,3.791000244881955,6.146681414443139,6.387654820693451,2.975694938316232,4.678122731438464,2.1652215478111887,5.144060375945708,4.2457958645104075,1.0740963431266513,7.87061108094651,7.313531097912121,3.526915616771079,1.707304862101369,0.5254755885235454,1.612315011099274,3.7537406134851192,3.8918559551379217,9.189697017735668,8.917757189744053,8.928129559593621,2.4094174182619326,0.9492728338342379,8.101400336567183,4.729024017093217,6.839927334028916,4.863886479325823,8.562569926076105,5.12237652123338,8.17911086197861,1.5071654939935792
34.262106585743744,1.4664488127981476,5.705884601888444,6.2324447115638835,3.0099421461176274,5.6153720682845165,3.5279009623111537,4.436638941185929,6.8758901998683655,2.4652207261287584,2.6512753421141606,4.9382821244585955,4.373894616840481,4.783574002919815,4.701975663685781,4.083243185543873,6.186206925485726,4.932745647474596,4.456367879507597,3.4096494800365527,6.152709103305998,2.69126418787134,5.989161710054175,4.9166206567761295,1.0750311845218685,5.472398493673136,6.512785799928848,5.075593036969956,0.0,4.80887454647277,4.31141611920698,1.4961783780476805,1.0832417463393538,4.401998854109848,2.15500838602734,3.6797399335439374,2.9665600570251947,4.824827609182975,3.8863857811795866,4.024131439136215,3.862216729192934,2.9722087029166744,4.734985463748646,6.47437441942862,4.558299542526407,3.5020412484149572,2.1917645264560126,3.0318297694675627,5.711378045920458,6.823706881692805,6.363397616074756,5.061973408186605,5.389586986954543,5.550041673198145,4.740108571264512,2.134216557317005,0.8961026550002672,5.75381609698863,3.549516557240316,4.3189210757703655,3.7689596864686155
33.86578028110997,5.772386399945389,4.27573743996339,5.133234213225633,1.9430313810604942,3.4697714429277013,3.77893340094582,1.9206630692361435,4.2464686259959965,2.8127244426657017,3.0064594046819124,2.1953611880043242,3.203416927480278,5.317018650823857,1.2836912461417258,5.401191160331561,2.997428826226616,2.563008854516143,4.25759169525267,5.819720354671123,3.8382145267531413,3.555863333832339,6.418538043129249,0.4265974749212605,4.150488033721352,3.8476677498525595,5.553169857875383,3.144653589015339,4.80887454647277,0.0,3.648657004121969,3.3508389959409635,5.610572798379928,3.72491339278143,3.6875661897222782,2.156663519788743,2.6741447142761556,2.132026317029909,1.615680922493127,2.7030722033583054,5.947295393631523,5.731715275899235,0.4213884921004599,4.732357029588639,2.8948210041001885,2.6245171747773366,2.6339592904992757,1.975144002283561,6.779760904267046,5.98985742286588,6.148126886113276,0.8536582806180472,4.085386725707653,5.394790344785098,1.7009531746220268,5.667677868064015,4.10070021442787,5.9091167084509335,2.6855758677755106,6.111182372681438,3.539713449906891
37.07365047932101,5.765968516347365,7.376522942478895,8.188635784536228,2.563148713478103,1.5099533789683872,5.934519417519793,1.7657607599996692,2.7071765120322873,2.185454511389551,4.689256998976749,1.778587929586673,5.992889935576871,7.63609072029375,4.669827060373793,7.309845267113274,2.5054032153355528,5.790457200391945,6.78174501682627,7.147504155149044,1.9822844312426742,1.6201521203430342,8.905996765266659,3.347987024948882,3.236394244271957,6.974334464748455,8.588269438649663,1.1053833727691116,4.31141611920698,3.648657004121969,0.0,3.2229886828328285,5.394643155879108,6.384519563022943,2.1564134599555222,4.724873071691802,1.7120119065652621,5.408091976664548,4.384422297622652,0.9565373633643802,7.487792047693456,6.8290149695085525,3.966548064713479,2.162958307250855,0.8771437551856267,1.2753076624088295,3.429634406456956,3.8215738351317263,8.97288075853202,9.007482376096373,8.91486699567601,3.080110667404717,1.0781740900282353,8.063296789372632,5.026726976469654,6.241964708942047,4.266529654067929,8.483367027955897,5.0934949767891995,7.8421862281760095,0.5424717981742473
34.34780220425542,2.7426603993500196,5.069798514694226,5.744781478438275,1.5138021789900233,4.337520818177996,3.116964409302135,2.995635583203079,5.582055186988328,1.095989759869207,1.9095435846224091,3.5164377973146674,3.630575897880962,4.708658796234735,3.424563872932599,4.226705549410572,4.7801595671095,3.9337593357096696,4.066110252555178,3.9374117260635435,4.879545195715019,1.7222660461252517,5.9881933187666965,3.431890856815838,0.8933692179428135,4.753258069791364,6.089671255651556,3.791000244881955,1.4961783780476805,3.3508389959409635,3.2229886828328285,0.0,2.458834383737051,3.8317634698859604,1.2926285488237652,2.621561576874832,1.6257846022740465,3.7269536939944508,2.6675876717271305,2.7169484070758076,4.300660790862443,3.606798759990303,3.320092876846859,5.33667409252878,3.265542899418506,2.178750120474907,0.8596780561935465,1.7681922284932163,5.917447372562231,6.460872251622836,6.170155843781016,3.566346910917254,4.2710198988034875,5.310880096304867,3.5476977538552714,3.0525181205758196,1.072887493040028,5.639491010471722,2.6863417153295135,4.684187115311317,2.7063937567768934
33.61079686392026,0.42910058312399746,5.742947283550596,6.138135710244623,3.9434979734308975,6.688536789572827,3.551391962748396,5.450834861541796,7.948101099160131,3.501262025789022,3.0244603201142666,5.9652864174728855,4.5621179540779275,4.458746527912036,5.29909929557655,3.6502957640645977,7.2232596123059825,5.284464675235064,4.380899263125387,2.7541340300886987,7.22733442622146,3.774491756118239,5.5555562384283945,5.771953680417726,2.158248914590636,5.582388535380663,6.361256446394662,6.146681414443139,1.0832417463393538,5.610572798379928,5.394643155879108,2.458834383737051,0.0,4.461380662405553,3.2382300740608856,4.14986715125762,4.016189338908103,5.261283409186806,4.467323834915762,5.087930158236506,3.2337916731765373,2.2814630533977494,5.47637302734936,7.557600219331964,5.626696287580659,4.5598002454131175,2.986801548819919,3.702546681966215,5.146709107801524,6.618425069211651,6.051199700493367,5.963234457514967,6.472810397994772,5.302526947726199,5.25967278514686,1.3295231997968733,1.5119798425835993,5.4085748859142,3.8902564569947407,3.7112047817675125,4.852181736675183
30.701773497327416,4.3237573334379285,1.3043945635023957,1.9131511189704677,3.8213947521345,6.84851833600652,0.9100156482987167,5.13218186003737,7.840392730549756,4.394554452625857,1.9226086740783184,5.601308677264535,0.5339699871486246,1.6287258720049496,2.5253802923823194,1.9941986106770417,6.648259888650671,1.4747139932238382,0.5510501224308725,2.889612675186137,7.314486915007572,5.326477135676535,2.699135096406409,4.134194090300421,4.611348285242508,1.1264170042037966,2.268496663087085,6.387654820693451,4.401998854109848,3.72491339278143,6.384519563022943,3.8317634698859604,4.461380662405553,0.0,5.044813679193543,1.7111880705430451,4.731488079395969,1.7998081358559381,2.188971086990776,5.515958139910062,2.7666694344456033,3.081501858963563,3.3239458857617326,8.092958026806192,5.957712905671446,5.109228066841077,3.1443890067871125,2.562997051917376,3.0807041343538866,2.6605591654160907,2.543176427642764,4.548055630947032,7.207395798418459,1.7164191223422578,2.155414227442951,3.628689349545427,3.5349191212726243,2.202289014800795,1.2910502741930485,2.726553685704269,6.005043146199032
