% n_vessels
2
% n_time_periods
2
% n_turbines
8
% n_technician_types
2
% port_location (lat, lon)
53.58402,-0.069405
% turbine_locations (turbine_nr, lat, lon)
1,53.4628,0.770889
2,53.477639,0.91958
3,53.442922,0.897408
4,53.439071,0.958104
5,53.470019,0.813526
6,53.485331,0.911996
7,53.466205,0.760244
8,53.534105,0.841982
% distance_matrix where both axis is (port, turbine 1, ..., turbine n)
0,30.96099693851454,35.98278200546186,35.65355913887758,37.82302263160816,32.34971788246044,35.63262232238168,30.541388209316597,32.747968576519085
30.96099693851454,0.0,5.405544221616629,4.692911073239545,6.865565323200681,1.5892899611443614,5.237146533797321,0.43312272553663406,4.9850916592814
35.98278200546186,5.405544221616629,0.0,2.232703885112434,2.6983230693203,3.829837197341362,0.5362664109516028,5.754115095785704,4.386705467852261
35.65355913887758,4.692911073239545,2.232703885112434,0.0,2.1900793947164967,3.421055588675671,2.601686337303822,5.11506459416737,5.828586298511858
37.82302263160816,6.865565323200681,2.6983230693203,2.1900793947164967,0.0,5.509317548433508,3.2345807090286924,7.282324958834891,7.066745684832916
32.34971788246044,1.5892899611443614,3.829837197341362,3.421055588675671,5.509317548433508,0.0,3.6480891388630288,1.9242794918987847,3.983910933145839
35.63262232238168,5.237146533797321,0.5362664109516028,2.601686337303822,3.2345807090286924,3.6480891388630288,0.0,5.560611065126935,3.8576854750491343
30.541388209316597,0.43312272553663406,5.754115095785704,5.11506459416737,7.282324958834891,1.9242794918987847,5.560611065126935,0.0,5.022702057655753
32.747968576519085,4.9850916592814,4.386705467852261,5.828586298511858,7.066745684832916,3.983910933145839,3.8576854750491343,5.022702057655753,0.0
% turbine_revenues (turbine_nr, period_nr, revenue)
1,1,26438
1,2,16382
2,1,4476
2,2,4252
3,1,4533
3,2,4306
4,1,5556
4,2,5278
5,1,5453
5,2,5180
6,1,6338
6,2,6021
7,1,7316
7,2,6950
8,1,3673
8,2,3489
% technician_demand(turbine_nr, technician_type, demand)
1,1,3
1,2,3
2,1,3
2,2,3
3,1,3
3,2,1
4,1,3
4,2,1
5,1,3
5,2,3
6,1,3
6,2,3
7,1,3
7,2,3
8,1,1
8,2,3
% time_demand(turbine_nr, time_demand)
1,3.0
2,3.0
3,2.0
4,2.0
5,4.5
6,3.0
7,2.0
8,6.0
% vessel capacities (vessel_nr, capacity)
1,24
2,24
% vessel parameters (vessel_nr, period, time_window, speed, cost_per_distance)
1,1,8.0,27,24.41
1,2,12.0,27,22.87
2,1,8.0,22,45.32
2,2,12.0,22,42.48
% technician_availability (period, technician_type, availability)
1,1,22
1,2,19
2,1,20
2,2,21
% safety distance
2
