% n_vessels
2
% n_time_periods
2
% n_turbines
6
% n_technician_types
2
% port_location (lat, lon)
53.58402,-0.069405
% turbine_locations (turbine_nr, lat, lon)
1,53.448812,0.863407
2,53.497039,0.843344
3,53.527398,0.749049
4,53.471949,0.840214
5,53.454466,0.942671
6,53.444779,0.924381
% distance_matrix where both axis is (port, turbine 1, ..., turbine n)
0,34.38424361292506,33.08877131009509,29.484426138387327,33.259885139582096,37.07365047932101,36.56624587147377
34.38424361292506,0.0,2.986117418692291,6.253191357906762,1.6202233412244924,2.8635701073326296,2.200879962173972
33.08877131009509,2.986117418692291,0.0,3.8389417934577943,1.511944113305982,4.384779877600111,4.27851110154788
29.484426138387327,6.253191357906762,3.8389417934577943,0.0,4.666257602229481,8.20737470408207,8.009010978297239
33.259885139582096,1.6202233412244924,1.511944113305982,4.666257602229481,0.0,3.8215738351317263,3.4320159847424754
37.07365047932101,2.8635701073326296,4.384779877600111,8.20737470408207,3.8215738351317263,0.0,0.8771437551856267
36.56624587147377,2.200879962173972,4.27851110154788,8.009010978297239,3.4320159847424754,0.8771437551856267,0.0
% turbine_revenues (turbine_nr, period_nr, revenue)
1,1,21802
1,2,10694
2,1,6610
2,2,6279
3,1,7614
3,2,7233
4,1,3295
4,2,3130
5,1,509
5,2,483
6,1,9044
6,2,8591
% technician_demand(turbine_nr, technician_type, demand)
1,1,1
1,2,3
2,1,2
2,2,2
3,1,1
3,2,3
4,1,1
4,2,3
5,1,1
5,2,3
6,1,1
6,2,3
% time_demand(turbine_nr, time_demand)
1,4.5
2,4.5
3,4.5
4,6.0
5,4.0
6,2.5
% vessel capacities (vessel_nr, capacity)
1,24
2,24
% vessel parameters (vessel_nr, period, time_window, speed, cost_per_distance)
1,1,12.0,27,24.57
1,2,12.0,27,23.15
2,1,12.0,22,45.62
2,2,12.0,22,42.99
% technician_availability (period, technician_type, availability)
1,1,23
1,2,23
2,1,26
2,2,20
% safety distance
2
