% n_vessels
2
% n_time_periods
3
% n_turbines
10
% n_technician_types
2
% port_location (lat, lon)
53.58402,-0.069405
% turbine_locations (turbine_nr, lat, lon)
1,53.514292,0.740651
2,53.491313,0.877353
3,53.462241,0.821123
4,53.497039,0.843344
5,53.531644,0.865789
6,53.500774,0.896583
7,53.460151,0.908414
8,53.522135,0.846818
9,53.431305,0.965791
10,53.493237,0.790438
% distance_matrix where both axis is (port, turbine 1, ..., turbine n)
0,29.292647037593564,34.34780220425542,32.71984262299278,33.08877131009509,33.61079686392026,34.93753487507439,35.80018101878544,32.99819586501139,38.20373316068983,31.260576809693614
29.292647037593564,0.0,5.088797515873607,4.254747275181797,3.8224073989443657,4.601119254466469,5.644970476336108,6.836745943946357,3.831541100784588,9.48843892306481,2.1869572308941527
34.34780220425542,5.088797515873607,0.0,2.6675876717271305,1.2663902212483382,2.458834383737051,0.8933692179428135,2.178750120474907,2.1511601408795684,4.802502549864009,3.116964409302135
32.71984262299278,4.254747275181797,2.6675876717271305,0.0,2.2377555250819907,4.467323834915762,3.5607688150796335,3.1330991836576434,3.7152437585352285,5.513004181212145,2.163269876144253
33.08877131009509,3.8224073989443657,1.2663902212483382,2.2377555250819907,0.0,2.2295802647970784,1.9208160609402516,3.218004803157667,1.5132686925508119,5.9064554862224945,1.9096107468990442
33.61079686392026,4.601119254466469,2.458834383737051,4.467323834915762,2.2295802647970784,0.0,2.158248914590636,4.5598002454131175,0.8877075472602775,7.014930939092669,3.551391962748396
34.93753487507439,5.644970476336108,0.8933692179428135,3.5607688150796335,1.9208160609402516,2.158248914590636,0.0,2.477791419508812,2.1967470542756136,4.856682342912266,3.830424757739727
35.80018101878544,6.836745943946357,2.178750120474907,3.1330991836576434,3.218004803157667,4.5598002454131175,2.477791419508812,0.0,4.3299038817182245,2.691166953684133,4.67355525941409
32.99819586501139,3.831541100784588,2.1511601408795684,3.7152437585352285,1.5132686925508119,0.8877075472602775,2.1967470542756136,4.3299038817182245,0.0,6.9272266174330905,2.6637195062309704
38.20373316068983,9.48843892306481,4.802502549864009,5.513004181212145,5.9064554862224945,7.014930939092669,4.856682342912266,2.691166953684133,6.9272266174330905,0.0,7.307441403311719
31.260576809693614,2.1869572308941527,3.116964409302135,2.163269876144253,1.9096107468990442,3.551391962748396,3.830424757739727,4.67355525941409,2.6637195062309704,7.307441403311719,0.0
% turbine_revenues (turbine_nr, period_nr, revenue)
1,1,39814
1,2,24668
1,3,9074
2,1,4822
2,2,4580
2,3,4351
3,1,5081
3,2,4826
3,3,4585
4,1,7296
4,2,6931
4,3,6584
5,1,7439
5,2,7067
5,3,6713
6,1,8598
6,2,8168
6,3,7759
7,1,9684
7,2,9199
7,3,8739
8,1,1164
8,2,1105
8,3,1050
9,1,2824
9,2,2682
9,3,2548
10,1,3989
10,2,3789
10,3,3600
% technician_demand(turbine_nr, technician_type, demand)
1,1,3
1,2,3
2,1,1
2,2,3
3,1,3
3,2,3
4,1,2
4,2,2
5,1,3
5,2,1
6,1,2
6,2,2
7,1,2
7,2,2
8,1,3
8,2,3
9,1,1
9,2,3
10,1,3
10,2,1
% time_demand(turbine_nr, time_demand)
1,3.0
2,5.0
3,2.5
4,5.5
5,3.5
6,2.5
7,4.0
8,5.5
9,3.0
10,2.5
% vessel capacities (vessel_nr, capacity)
1,24
2,24
% vessel parameters (vessel_nr, period, time_window, speed, cost_per_distance)
1,1,7.5,27,24.21
1,2,12.0,27,23.51
1,3,12.0,27,24.01
2,1,7.5,22,44.96
2,2,12.0,22,43.67
2,3,12.0,22,44.59
% technician_availability (period, technician_type, availability)
1,1,24
1,2,19
2,1,21
2,2,22
3,1,22
3,2,20
% safety distance
2
