% n_vessels
2
% n_time_periods
5
% n_turbines
15
% n_technician_types
2
% port_location (lat, lon)
53.58402,-0.069405
% turbine_locations (turbine_nr, lat, lon)
1,53.429043,0.875782
2,53.415926,0.981164
3,53.491313,0.877353
4,53.412182,0.928112
5,53.485331,0.911996
6,53.43917,0.844249
7,53.499223,0.756101
8,53.459509,0.781451
9,53.422484,0.896746
10,53.506593,0.861867
11,53.527398,0.749049
12,53.470019,0.813526
13,53.514292,0.740651
14,53.518384,0.793868
15,53.504863,0.721618
% distance_matrix where both axis is (port, turbine 1, ..., turbine n)
0,35.11892707371914,38.97440303950817,34.34780220425542,37.205103074116785,35.63262232238168,33.86578028110997,29.98574566659816,31.376457580728776,35.95061417462547,33.65578620405837,29.484426138387327,32.34971788246044,29.292647037593564,31.14525637562801,28.710185574424294
35.11892707371914,0.0,3.864082482317755,3.7425053153732897,2.1343787008274746,3.6234049825108454,1.2848754371028777,6.017242321303012,3.8478762173788885,0.8494560655751908,4.686965490894088,7.454985764717668,3.324359380662776,7.051254642627646,6.119675937097897,7.163857531956306
38.97440303950817,3.864082482317755,0.0,5.864294934700935,1.9179916860449873,4.853093318668243,5.108828321312024,9.498344573038674,7.63000072953057,3.056047785181803,6.927625570408251,10.68353501279039,6.836920192296512,10.456177908783795,9.111410994139876,10.733696554028766
34.34780220425542,3.7425053153732897,5.864294934700935,0.0,5.092001939038407,1.2926285488237652,3.3508389959409635,4.370990620831592,3.9337593357096696,4.194316718322021,1.072887493040028,5.082127701639152,2.621561576874832,5.088797515873607,3.4048085133157637,5.639491010471722
37.205103074116785,2.1343787008274746,1.9179916860449873,5.092001939038407,0.0,4.433696738199818,3.419253972994733,8.088619126175315,5.982251436881534,1.2850227911743022,6.150961507963092,9.442634783670403,5.383685205164545,9.102115263216715,7.9941686546628175,9.26665702562646
35.63262232238168,3.6234049825108454,4.853093318668243,1.2926285488237652,4.433696738199818,0.0,3.6875661897222782,5.648920637782085,4.931119025992459,3.81616024930639,2.2044183299048763,6.361553959502201,3.6480891388630288,6.381408676596023,4.675379923337922,6.9224611484490195
33.86578028110997,1.2848754371028777,5.108828321312024,3.3508389959409635,3.419253972994733,3.6875661897222782,0.0,4.797291530355298,2.563008854516143,2.1342990054696265,4.10070021442787,6.305266881475657,2.156663519788743,5.845873875412876,5.0914448825432626,5.9091167084509335
29.98574566659816,6.017242321303012,9.498344573038674,4.370990620831592,8.088619126175315,5.648920637782085,4.797291530355298,0.0,2.5537604408070904,6.834442764058742,3.8152388403780875,1.711914983130816,2.70496042249012,1.0613299359049662,1.776619652225453,1.281148516182171
31.376457580728776,3.8478762173788885,7.63000072953057,3.9337593357096696,5.982251436881534,4.931119025992459,2.563008854516143,2.5537604408070904,0.0,4.697262453524485,4.0391918522633805,4.24180263029647,1.3122290752431072,3.602340995684591,3.565956351324333,3.468226679571987
35.95061417462547,0.8494560655751908,3.056047785181803,4.194316718322021,1.2850227911743022,3.81616024930639,2.1342990054696265,6.834442764058742,4.697262453524485,0.0,5.2069496481128565,8.23345093084791,4.132073738806033,7.859240668437494,6.842519932676875,7.996922091453301
33.65578620405837,4.686965490894088,6.927625570408251,1.072887493040028,6.150961507963092,2.2044183299048763,4.10070021442787,3.8152388403780875,4.0391918522633805,5.2069496481128565,0.0,4.229774207924371,2.7986839241658834,4.3668049837791845,2.536730213757694,5.025662370254777
29.484426138387327,7.454985764717668,10.68353501279039,5.082127701639152,9.442634783670403,6.361553959502201,6.305266881475657,1.711914983130816,4.24180263029647,8.23345093084791,4.229774207924371,0.0,4.150621228271448,0.8430779026056119,1.6939912973898168,1.6731079483501852
32.34971788246044,3.324359380662776,6.836920192296512,2.621561576874832,5.383685205164545,3.6480891388630288,2.156663519788743,2.70496042249012,1.3122290752431072,4.132073738806033,2.7986839241658834,4.150621228271448,0.0,3.728199141352287,2.9906386275086967,3.9033165974669077
29.292647037593564,7.051254642627646,10.456177908783795,5.088797515873607,9.102115263216715,6.381408676596023,5.845873875412876,1.0613299359049662,3.602340995684591,7.859240668437494,4.3668049837791845,0.8430779026056119,3.728199141352287,0.0,1.9218835181461689,0.8865390472849829
31.14525637562801,6.119675937097897,9.111410994139876,3.4048085133157637,7.9941686546628175,4.675379923337922,5.0914448825432626,1.776619652225453,3.565956351324333,6.842519932676875,2.536730213757694,1.6939912973898168,2.9906386275086967,1.9218835181461689,0.0,2.7126374713234305
28.710185574424294,7.163857531956306,10.733696554028766,5.639491010471722,9.26665702562646,6.9224611484490195,5.9091167084509335,1.281148516182171,3.468226679571987,7.996922091453301,5.025662370254777,1.6731079483501852,3.9033165974669077,0.8865390472849829,2.7126374713234305,0.0
% turbine_revenues (turbine_nr, period_nr, revenue)
1,1,61360
1,2,46919
1,3,31285
1,4,19069
1,5,7844
2,1,61360
2,2,46919
2,3,31285
2,4,19069
2,5,7844
3,1,6761
3,2,6422
3,3,6101
3,4,5796
3,5,5506
4,1,2796
4,2,2656
4,3,2523
4,4,2397
4,5,2277
5,1,721
5,2,684
5,3,650
5,4,618
5,5,587
6,1,9764
6,2,9275
6,3,8812
6,4,8371
6,5,7952
7,1,9013
7,2,8562
7,3,8134
7,4,7727
7,5,7341
8,1,4956
8,2,4708
8,3,4472
8,4,4249
8,5,4036
9,1,6616
9,2,6285
9,3,5970
9,4,5672
9,5,5388
10,1,658
10,2,625
10,3,593
10,4,564
10,5,535
11,1,1875
11,2,1781
11,3,1692
11,4,1607
11,5,1527
12,1,5289
12,2,5024
12,3,4773
12,4,4534
12,5,4307
13,1,5703
13,2,5417
13,3,5146
13,4,4889
13,5,4645
14,1,5512
14,2,5236
14,3,4974
14,4,4725
14,5,4489
15,1,3302
15,2,3136
15,3,2980
15,4,2831
15,5,2689
% technician_demand(turbine_nr, technician_type, demand)
1,1,1
1,2,3
2,1,3
2,2,1
3,1,3
3,2,3
4,1,2
4,2,2
5,1,3
5,2,3
6,1,3
6,2,1
7,1,3
7,2,3
8,1,2
8,2,2
9,1,3
9,2,1
10,1,2
10,2,2
11,1,2
11,2,2
12,1,3
12,2,3
13,1,2
13,2,2
14,1,3
14,2,1
15,1,3
15,2,1
% time_demand(turbine_nr, time_demand)
1,4.0
2,4.5
3,5.5
4,5.5
5,6.0
6,2.5
7,3.0
8,3.0
9,5.5
10,4.0
11,4.5
12,3.0
13,5.0
14,3.0
15,4.0
% vessel capacities (vessel_nr, capacity)
1,24
2,24
% vessel parameters (vessel_nr, period, time_window, speed, cost_per_distance)
1,1,11.5,27,23.34
1,2,6.5,27,23.48
1,3,12.0,27,23.32
1,4,12.0,27,21.0
1,5,12.0,27,21.0
2,1,11.5,22,43.35
2,2,6.5,22,43.61
2,3,12.0,22,43.3
2,4,12.0,22,39.0
2,5,12.0,22,39.0
% technician_availability (period, technician_type, availability)
1,1,26
1,2,22
2,1,23
2,2,20
3,1,23
3,2,20
4,1,22
4,2,22
5,1,21
5,2,22
% safety distance
2
