% n_vessels
2
% n_time_periods
6
% n_turbines
25
% n_technician_types
2
% port_location (lat, lon)
53.58402,-0.069405
% turbine_locations (turbine_nr, lat, lon)
1,53.470019,0.813526
2,53.514292,0.740651
3,53.487777,0.824404
4,53.415926,0.981164
5,53.422484,0.896746
6,53.444779,0.924381
7,53.485331,0.911996
8,53.466205,0.760244
9,53.500774,0.896583
10,53.410687,0.965086
11,53.431305,0.965791
12,53.429409,0.939545
13,53.52386,0.873533
14,53.412182,0.928112
15,53.499223,0.756101
16,53.449328,0.812774
17,53.497218,0.729484
18,53.475725,0.893225
19,53.469586,0.749857
20,53.479704,0.718264
21,53.508599,0.888902
22,53.483084,0.70801
23,53.432414,0.865175
24,53.442922,0.897408
25,53.499452,0.705712
% distance_matrix where both axis is (port, turbine 1, ..., turbine n)
0,32.34971788246044,29.292647037593564,32.517298261182006,38.97440303950817,35.95061417462547,36.56624587147377,35.63262232238168,30.541388209316597,34.93753487507439,38.50447766381273,38.20373316068983,37.32070631844038,33.93640342412772,37.205103074116785,29.98574566659816,32.61703403664935,29.069336165135738,35.07649835859281,30.131539878679447,28.890001123106938,34.597587754141195,28.48670902175769,34.6976680557213,35.65355913887758,28.2074006984327
32.34971788246044,0.0,3.728199141352287,1.1361791430185537,6.836920192296512,4.132073738806033,4.255517541357879,3.6480891388630288,1.9242794918987847,3.504090914006518,6.502809046118894,5.936964775922799,5.137382606446237,3.884910203635825,5.383685205164545,2.70496042249012,1.243706551944222,3.4273345674726907,2.878019373700892,2.2830943006841413,3.464589611687288,3.5599463354869347,3.8634509156178845,2.922265107400478,3.421055588675671,4.2500218839701045
29.292647037593564,3.728199141352287,0.0,3.397685416188899,10.456177908783795,7.859240668437494,7.799421712442669,6.381408676596023,2.973867708884321,5.644970476336108,10.175838622616748,9.48843892306481,8.767870131297807,4.793768263687992,9.102115263216715,1.0613299359049662,4.682429875469139,1.1012977416087797,5.938470181414723,2.706778685734807,2.2279910092849424,5.321561990293741,2.2102555509952957,6.644047842672075,7.0692917328612,1.536902563766935
32.517298261182006,1.1361791430185537,3.397685416188899,0.0,7.089742591357955,4.704132968145398,4.419258377052466,3.142942837198654,2.6403220597943577,2.701947253551736,6.850679268720027,6.101680655435556,5.4182192364140445,2.7928362115562924,5.871814528346021,2.542550735883501,2.3479061530400545,3.4486698190053504,2.5711030786426514,2.887378291117569,3.8353665080245247,2.628126553930724,4.181466800051848,3.6341610074874464,3.7575973080519742,4.310970253359406
38.97440303950817,6.836920192296512,10.456177908783795,7.089742591357955,0.0,3.056047785181803,2.675731198183822,4.853093318668243,8.483090499182213,5.933074639291106,0.6575371397144159,1.0763950889206941,1.6995379664056223,7.5475312375139145,1.9179916860449873,9.498344573038674,6.367787301416669,10.264241491578968,4.7820051836520765,8.90358473904793,10.180536603972506,6.4779044182390635,10.597559353201943,4.279693759138731,3.415869427729952,11.081521930828988
35.95061417462547,4.132073738806033,7.859240668437494,4.704132968145398,3.056047785181803,0.0,1.6669143442357914,3.81616024930639,5.557673961255557,4.704798978388962,2.5538639484003567,2.534265820224686,1.5915719674360758,6.148734762459486,1.2850227911743022,6.834442764058742,3.4179701921995878,7.4937214604396525,3.201974806413478,5.981933453742094,7.2675004272867705,5.182676849653383,7.687426019531578,1.2806734110049602,1.2284343655214987,8.26638511751107
36.56624587147377,4.255517541357879,7.799421712442669,4.419258377052466,2.675731198183822,1.6669143442357914,0.0,2.4770926894864758,6.026507267331584,3.5094933732084237,2.5162975754200243,1.6922181959371356,1.0720168350847705,5.089863457617097,1.9634599577528828,6.863606277253498,4.0132942102987,7.665800634859734,2.169560265381037,6.434737162795577,7.684122017907564,4.040655623721355,8.09361684482297,2.2506757460708307,0.9741596384685393,8.500862112659725
35.63262232238168,3.6480891388630288,6.381408676596023,3.142942837198654,4.853093318668243,3.81616024930639,2.4770926894864758,0.0,5.560611065126935,1.0799813863689607,4.873275188837281,3.776700970383854,3.5028518681082668,2.6944381969723055,4.433696738199818,5.648920637782085,4.164150973094338,6.57982420810405,0.8865797994119554,5.8891928075523134,6.95269688205051,1.6248162940144846,7.3129870601575195,3.5961710916501297,2.601686337303822,7.4412326166704545
30.541388209316597,1.9242794918987847,2.973867708884321,2.6403220597943577,8.483090499182213,5.557673961255557,6.026507267331584,5.560611065126935,0.0,5.310275182763215,8.072061973480054,7.66629371047574,6.80188283538734,5.33723131480689,6.842653608648609,1.9897557610577215,2.1397107596430764,2.1654661623545732,4.802298326119933,0.4242721451689238,1.7098330538751423,5.268278219195266,2.129773832808437,4.277059685846193,5.11506459416737,2.7951441025964483
34.93753487507439,3.504090914006518,5.644970476336108,2.701947253551736,5.933074639291106,4.704798978388962,3.5094933732084237,1.0799813863689607,5.310275182763215,0.0,5.945223900307208,4.856682342912266,4.5569752933601295,1.6144568400676784,5.442665826917928,5.034475951302991,4.3112088160497555,5.991280400222867,1.510116542210016,5.583159233782015,6.515044389070565,0.5448452609312214,6.841147262370816,4.259652061261561,3.4767165745493998,6.839544291682657
38.50447766381273,6.502809046118894,10.175838622616748,6.850679268720027,0.6575371397144159,2.5538639484003567,2.5162975754200243,4.873275188837281,8.072061973480054,5.945223900307208,0.0,1.2392775539259695,1.4513707422972912,7.551984532893882,1.3306119303388535,9.192334818782317,5.939234866075923,9.922681647722431,4.682229040573766,8.495206737411783,9.778442092337212,6.487429975328858,10.197455212634432,3.8167876214602794,3.1069660634826035,10.72420917302999
38.20373316068983,5.936964775922799,9.48843892306481,6.101680655435556,1.0763950889206941,2.534265820224686,1.6922181959371356,3.776700970383854,7.66629371047574,4.856682342912266,1.2392775539259695,0.0,0.9488273283569281,6.47113916735616,1.774833825644214,8.555824242535266,5.596258999030917,9.354261818147027,3.728409660449162,8.0805338266486,9.342687701949398,5.401514116675275,9.755408076585901,3.6115667387666086,2.55123064270324,10.185987540345797
37.32070631844038,5.137382606446237,8.767870131297807,5.4182192364140445,1.6995379664056223,1.5915719674360758,1.0720168350847705,3.5028518681082668,6.80188283538734,4.5569752933601295,1.4513707422972912,0.9488273283569281,0.0,6.149602838255241,1.1136274409288411,7.802457543894635,4.703672878635889,8.564703842642617,3.241552174570593,7.220422011719471,8.493189001852318,5.093578067748373,8.909085910429129,2.6751850487511097,1.7163367533633158,9.382622944931017
33.93640342412772,3.884910203635825,4.793768263687992,2.7928362115562924,7.5475312375139145,6.148734762459486,5.089863457617097,2.6944381969723055,5.33723131480689,1.6144568400676784,7.551984532893882,6.47113916735616,6.149602838255241,0.0,6.990772347148164,4.459511994721283,4.9803431606656625,5.402816214330058,2.9774767231659127,5.502599053260784,6.163655337839398,1.0696332506440873,6.416689968209669,5.503575722217585,4.938657430729879,6.187907007605427
37.205103074116785,5.383685205164545,9.102115263216715,5.871814528346021,1.9179916860449873,1.2850227911743022,1.9634599577528828,4.433696738199818,6.842653608648609,5.442665826917928,1.3306119303388535,1.774833825644214,1.1136274409288411,6.990772347148164,0.0,8.088619126175315,4.7029429863984324,8.767795870306156,4.018482062371193,7.266917813598259,8.55248519083133,5.962333336771966,8.97241685373469,2.565597727468202,2.1510375426088597,9.546630687941654
29.98574566659816,2.70496042249012,1.0613299359049662,2.542550735883501,9.498344573038674,6.834442764058742,6.863606277253498,5.648920637782085,1.9897557610577215,5.034475951302991,9.192334818782317,8.555824242535266,7.802457543894635,4.459511994721283,8.088619126175315,0.0,3.622023758628255,0.9613350365100511,5.113581330856743,1.795033783653725,1.7929979809962937,4.791203417201755,1.977657051431026,5.605166868475523,6.092446297111435,1.805569948192525
32.61703403664935,1.243706551944222,4.682429875469139,2.3479061530400545,6.367787301416669,3.4179701921995878,4.0132942102987,4.164150973094338,2.1397107596430764,4.3112088160497555,5.939234866075923,5.596258999030917,4.703672878635889,4.9803431606656625,4.7029429863984324,3.622023758628255,0.0,4.147302365147746,3.292517164806315,2.563976515206544,3.8495431633161803,4.487188645597814,4.269478732595394,2.137349504310044,3.0606720448185056,4.879235888887524
29.069336165135738,3.4273345674726907,1.1012977416087797,3.4486698190053504,10.264241491578968,7.4937214604396525,7.665800634859734,6.57982420810405,2.1654661623545732,5.991280400222867,9.922681647722431,9.354261818147027,8.564703842642617,5.402816214330058,8.767795870306156,0.9613350365100511,4.147302365147746,0.0,6.00932164321673,1.814021914700567,1.126705626427799,5.752520617229768,1.1461894303155762,6.232473281955726,6.848385928269088,0.8623231236774932
35.07649835859281,2.878019373700892,5.938470181414723,2.5711030786426514,4.7820051836520765,3.201974806413478,2.169560265381037,0.8865797994119554,4.802298326119933,1.510116542210016,4.682229040573766,3.728409660449162,3.241552174570593,2.9774767231659127,4.018482062371193,5.113581330856743,3.292517164806315,6.00932164321673,0.0,5.153547590543444,6.276873113063369,1.981620923001282,6.654368053027851,2.79045268760755,1.9769784230784873,6.8703330224462755
30.131539878679447,2.2830943006841413,2.706778685734807,2.887378291117569,8.90358473904793,5.981933453742094,6.434737162795577,5.8891928075523134,0.4242721451689238,5.583159233782015,8.495206737411783,8.0805338266486,7.220422011719471,5.502599053260784,7.266917813598259,1.795033783653725,2.563976515206544,1.814021914700567,5.153547590543444,0.0,1.2855675126435573,5.5073460778326035,1.7055036104069987,4.701326018296411,5.5295966253858415,2.3927083091548536
28.890001123106938,3.464589611687288,2.2279910092849424,3.8353665080245247,10.180536603972506,7.2675004272867705,7.684122017907564,6.95269688205051,1.7098330538751423,6.515044389070565,9.778442092337212,9.342687701949398,8.493189001852318,6.163655337839398,8.55248519083133,1.7929979809962937,3.8495431633161803,1.126705626427799,6.276873113063369,1.2855675126435573,0.0,6.356738279756441,0.41996070663493384,5.9868924816014335,6.794356730041244,1.2691544805494386
34.597587754141195,3.5599463354869347,5.321561990293741,2.628126553930724,6.4779044182390635,5.182676849653383,4.040655623721355,1.6248162940144846,5.268278219195266,0.5448452609312214,6.487429975328858,5.401514116675275,5.093578067748373,1.0696332506440873,5.962333336771966,4.791203417201755,4.487188645597814,5.752520617229768,1.981620923001282,5.5073460778326035,6.356738279756441,0.0,6.66105785666247,4.6566770138102,3.9585968568546104,6.586239980220465
28.48670902175769,3.8634509156178845,2.2102555509952957,4.181466800051848,10.597559353201943,7.687426019531578,8.09361684482297,7.3129870601575195,2.129773832808437,6.841147262370816,10.197455212634432,9.755408076585901,8.909085910429129,6.416689968209669,8.97241685373469,1.977657051431026,4.269478732595394,1.1461894303155762,6.654368053027851,1.7055036104069987,0.41996070663493384,6.66105785666247,0.0,6.4068279692214425,7.208287393968547,0.9870727655178974
34.6976680557213,2.922265107400478,6.644047842672075,3.6341610074874464,4.279693759138731,1.2806734110049602,2.2506757460708307,3.5961710916501297,4.277059685846193,4.259652061261561,3.8167876214602794,3.6115667387666086,2.6751850487511097,5.503575722217585,2.565597727468202,5.605166868475523,2.137349504310044,6.232473281955726,2.79045268760755,4.701326018296411,5.9868924816014335,4.6566770138102,6.4068279692214425,0.0,1.3177852754762103,6.9949036351598055
35.65355913887758,3.421055588675671,7.0692917328612,3.7575973080519742,3.415869427729952,1.2284343655214987,0.9741596384685393,2.601686337303822,5.11506459416737,3.4767165745493998,3.1069660634826035,2.55123064270324,1.7163367533633158,4.938657430729879,2.1510375426088597,6.092446297111435,3.0606720448185056,6.848385928269088,1.9769784230784873,5.5295966253858415,6.794356730041244,3.9585968568546104,7.208287393968547,1.3177852754762103,0.0,7.667011599287027
28.2074006984327,4.2500218839701045,1.536902563766935,4.310970253359406,11.081521930828988,8.26638511751107,8.500862112659725,7.4412326166704545,2.7951441025964483,6.839544291682657,10.72420917302999,10.185987540345797,9.382622944931017,6.187907007605427,9.546630687941654,1.805569948192525,4.879235888887524,0.8623231236774932,6.8703330224462755,2.3927083091548536,1.2691544805494386,6.586239980220465,0.9870727655178974,6.9949036351598055,7.667011599287027,0.0
% turbine_revenues (turbine_nr, period_nr, revenue)
1,1,65675
1,2,56425
1,3,48153
1,4,40036
1,5,25982
1,6,15322
2,1,65675
2,2,56425
2,3,48153
2,4,40036
2,5,25982
2,6,15322
3,1,65675
3,2,56425
3,3,48153
3,4,40036
3,5,25982
3,6,15322
4,1,9535
4,2,9058
4,3,8605
4,4,8175
4,5,7766
4,6,7378
5,1,5458
5,2,5185
5,3,4925
5,4,4679
5,5,4445
5,6,4223
6,1,3119
6,2,2963
6,3,2814
6,4,2674
6,5,2540
6,6,2413
7,1,3529
7,2,3352
7,3,3184
7,4,3025
7,5,2874
7,6,2730
8,1,2146
8,2,2038
8,3,1936
8,4,1839
8,5,1747
8,6,1660
9,1,5848
9,2,5555
9,3,5277
9,4,5013
9,5,4763
9,6,4525
10,1,9365
10,2,8896
10,3,8451
10,4,8029
10,5,7627
10,6,7246
11,1,8598
11,2,8168
11,3,7759
11,4,7371
11,5,7003
11,6,6652
12,1,3950
12,2,3752
12,3,3564
12,4,3386
12,5,3217
12,6,3056
13,1,6182
13,2,5872
13,3,5579
13,4,5300
13,5,5035
13,6,4783
14,1,5847
14,2,5554
14,3,5276
14,4,5013
14,5,4762
14,6,4524
15,1,7525
15,2,7148
15,3,6791
15,4,6451
15,5,6129
15,6,5822
16,1,9385
16,2,8915
16,3,8469
16,4,8046
16,5,7644
16,6,7261
17,1,5452
17,2,5179
17,3,4920
17,4,4674
17,5,4440
17,6,4218
18,1,6142
18,2,5834
18,3,5543
18,4,5265
18,5,5002
18,6,4752
19,1,5750
19,2,5462
19,3,5189
19,4,4929
19,5,4683
19,6,4449
20,1,9215
20,2,8754
20,3,8316
20,4,7900
20,5,7505
20,6,7130
21,1,8565
21,2,8136
21,3,7729
21,4,7343
21,5,6976
21,6,6627
22,1,2054
22,2,1951
22,3,1853
22,4,1761
22,5,1672
22,6,1589
23,1,6761
23,2,6422
23,3,6101
23,4,5796
23,5,5506
23,6,5231
24,1,4768
24,2,4529
24,3,4303
24,4,4087
24,5,3883
24,6,3689
25,1,1174
25,2,1115
25,3,1059
25,4,1006
25,5,956
25,6,908
% technician_demand(turbine_nr, technician_type, demand)
1,1,1
1,2,3
2,1,2
2,2,2
3,1,2
3,2,2
4,1,2
4,2,2
5,1,3
5,2,3
6,1,3
6,2,3
7,1,2
7,2,2
8,1,1
8,2,3
9,1,1
9,2,3
10,1,2
10,2,2
11,1,2
11,2,2
12,1,3
12,2,3
13,1,2
13,2,2
14,1,1
14,2,3
15,1,1
15,2,3
16,1,1
16,2,3
17,1,3
17,2,1
18,1,2
18,2,2
19,1,3
19,2,1
20,1,3
20,2,3
21,1,3
21,2,1
22,1,3
22,2,1
23,1,2
23,2,2
24,1,3
24,2,3
25,1,3
25,2,3
% time_demand(turbine_nr, time_demand)
1,2.0
2,4.5
3,3.5
4,3.0
5,4.5
6,4.0
7,3.0
8,3.5
9,4.5
10,6.0
11,3.0
12,4.5
13,3.5
14,5.0
15,4.0
16,5.0
17,3.5
18,4.0
19,5.0
20,3.5
21,4.5
22,3.0
23,5.5
24,2.0
25,3.5
% vessel capacities (vessel_nr, capacity)
1,24
2,24
% vessel parameters (vessel_nr, period, time_window, speed, cost_per_distance)
1,1,10.0,27,23.85
1,2,12.0,27,23.21
1,3,6.0,27,24.85
1,4,12.0,27,23.64
1,5,0.0,27,21.0
1,6,6.0,27,24.38
2,1,10.0,22,44.29
2,2,12.0,22,43.1
2,3,6.0,22,46.15
2,4,12.0,22,43.89
2,5,0.0,22,39.0
2,6,6.0,22,45.27
% technician_availability (period, technician_type, availability)
1,1,25
1,2,20
2,1,23
2,2,21
3,1,25
3,2,19
4,1,21
4,2,25
5,1,20
5,2,26
6,1,27
6,2,21
% safety distance
2
