% n_vessels
2
% n_time_periods
8
% n_turbines
45
% n_technician_types
3
% port_location (lat, lon)
53.58402,-0.069405
% turbine_locations (turbine_nr, lat, lon)
1,53.514292,0.740651
2,53.437249,0.931826
3,53.477597,0.806023
4,53.422484,0.896746
5,53.482108,0.858993
6,53.483084,0.70801
7,53.415516,0.917773
8,53.462256,0.935029
9,53.529257,0.775562
10,53.531171,0.802074
11,53.454466,0.942671
12,53.419088,0.907278
13,53.458448,0.881817
14,53.435183,0.905063
15,53.491313,0.877353
16,53.51638,0.767127
17,53.506593,0.861867
18,53.455984,0.791918
19,53.493237,0.790438
20,53.409749,0.951811
21,53.476332,0.72881
22,53.412182,0.928112
23,53.500774,0.896583
24,53.4628,0.770889
25,53.506742,0.748516
26,53.435823,0.854733
27,53.533027,0.828728
28,53.472933,0.739318
29,53.530213,0.788906
30,53.516108,0.881128
31,53.485331,0.911996
32,53.431305,0.965791
33,53.477639,0.91958
34,53.534105,0.841982
35,53.466205,0.760244
36,53.497039,0.843344
37,53.499223,0.756101
38,53.449328,0.812774
39,53.522135,0.846818
40,53.471949,0.840214
41,53.468159,0.90081
42,53.442922,0.897408
43,53.432414,0.865175
44,53.499452,0.705712
45,53.518384,0.793868
% distance_matrix where both axis is (port, turbine 1, ..., turbine n)
0,29.292647037593564,36.93441552702357,31.990323530479664,35.95061417462547,33.79880976056445,28.48670902175769,36.79236424959677,36.706708663601354,30.41406047337645,31.34476381022602,37.07365047932101,36.37050302858852,34.89173861509561,36.0356365573557,34.34780220425542,30.212887457827232,33.65578620405837,31.79245648249948,31.260576809693614,38.062617092856954,29.30389457632026,37.205103074116785,34.93753487507439,30.96099693851454,29.64152599495602,34.28179978887019,32.282248620492034,29.717308058042075,30.882370943756438,34.262106585743744,35.63262232238168,38.20373316068983,35.98278200546186,32.747968576519085,30.541388209316597,33.08877131009509,29.98574566659816,32.61703403664935,32.99819586501139,33.259885139582096,35.43297107679078,35.65355913887758,34.6976680557213,28.2074006984327,31.14525637562801
29.292647037593564,0.0,8.271128201334264,3.2172104169127222,7.859240668437494,4.660740085033151,2.2102555509952957,8.693610929729763,7.63631608625526,1.5401041723351843,2.422281921569913,8.084626504398528,8.272499465212055,6.071511351371902,7.572742013011133,5.088797515873607,0.956585182760851,4.3668049837791845,3.95661066201325,2.1869572308941527,9.839562497637656,2.3203267999658905,9.102115263216715,5.644970476336108,3.2786908270059802,0.5340759946534313,6.242212252798891,3.349052749148971,2.485919215494477,1.9753015326888954,5.032816633300739,6.381408676596023,9.48843892306481,6.779606487210667,3.8190741730465296,2.973867708884321,3.8224073989443657,1.0613299359049662,4.682429875469139,3.831541100784588,4.3824338996429635,6.374302676171464,7.0692917328612,6.644047842672075,1.536902563766935,1.9218835181461689
36.93441552702357,8.271128201334264,0.0,5.12237652123338,1.5402691296569488,3.7537406134851192,8.486499405759695,1.4000451121370887,1.5071654939935792,7.87061108094651,7.313531097912121,1.1053833727691116,1.4026276128249124,2.2003670263394923,0.9683761648282787,3.791000244881955,7.581359744454553,4.863886479325823,5.144060375945708,6.0850172645456535,1.801573096739654,7.651068203141711,1.5122659311408295,4.021233346658498,5.974013117256552,7.7870469730229885,2.767771214412568,6.839927334028916,7.230359697369343,7.579903481431912,5.075593036969956,2.975694938316232,1.2701436680278235,2.466634367014559,6.651979647627515,6.39618487752147,4.793432344138914,7.319450757594106,4.332682757951582,5.942111199157604,3.8918559551379217,2.1652215478111887,1.2811611508639582,2.4094174182619326,8.928129559593621,6.945046770567382
31.990323530479664,3.2172104169127222,5.12237652123338,0.0,4.643392051149059,1.9181217930780914,3.5289689717671933,5.476450156580836,4.716661440544782,3.290744379521493,3.222631043402219,5.0934949767891995,5.05544881413432,2.9514010038881335,4.372156926936332,2.6863417153295135,2.715620007453043,2.6536039757221013,1.3938311901033855,1.0933575368689308,6.632035709316987,2.769163653452425,5.885560332907734,3.531910537418068,1.541989055035532,2.704623107422816,3.058497590813577,3.4289431112521203,2.4078674760782697,3.220875081063235,3.549516557240316,3.8271028730168255,6.370304244851442,4.071006385488973,3.631995291883536,1.7784384713915655,1.7760552946273878,2.2114196291639914,1.715975583703392,3.0496446855847856,1.2719474867003404,3.445484674014014,3.8838105247196366,3.445903266764238,3.8275995009070294,2.4894843198389145
35.95061417462547,7.859240668437494,1.5402691296569488,4.643392051149059,0.0,3.83045013675623,7.687426019531578,0.8632172091024811,2.756655193101607,7.748989752049662,7.360709654439548,2.5316934629969814,0.4296386633321525,2.226624267549445,0.8194394661715961,4.194316718322021,7.310309650432994,5.2069496481128565,4.266309792297475,5.7110868984225265,2.1198872446104686,6.8385493353009315,1.2850227911743022,4.704798978388962,5.124551300507298,7.341292494340644,1.707702805807586,7.0764333682321565,6.4100068323976975,7.540491959289031,5.654092810042209,3.81616024930639,2.534265820224686,3.4142205340892584,6.98922282373322,5.557673961255557,4.872542672577627,6.834442764058742,3.4179701921995878,6.250321873242903,3.5985261430640496,2.7486768167493407,1.2284343655214987,1.2806734110049602,8.26638511751107,6.842519932676875
33.79880976056445,4.660740085033151,3.7537406134851192,1.9181217930780914,3.83045013675623,0.0,5.412407312390369,4.523379204962585,2.975831840003856,4.118551357949791,3.5848849345789,3.429634406456956,4.164454588434694,1.6405379585334794,3.2683698996772605,0.8596780561935465,3.882935715613123,1.4750210405732378,2.8721417648348786,2.5465007227449408,5.476962109298453,4.679760396805065,4.8792347795209965,1.7530299047592017,3.3652594857441342,4.226744621524626,2.7856640600778717,3.2463823211566383,4.325629060563508,3.8290788912018265,2.1917645264560126,1.909726311897575,4.898366003145496,2.1884632861154034,3.1836261565946975,3.6671469884616323,1.058141087521356,3.828285584049277,2.57439380344928,2.444651600651911,0.9088213872096664,1.7176573780496716,2.728246335843471,2.9945521704023585,5.591409127042081,3.1933586668362377
28.48670902175769,2.2102555509952957,8.486499405759695,3.5289689717671933,7.687426019531578,5.412407312390369,0.0,8.550592109535254,8.235222585184117,3.6818766417581164,4.439222568622309,8.588269438649663,8.117064682231844,6.405405717375047,7.6311408669407506,6.089671255651556,2.91386259115417,5.691646353582281,3.4211508741593475,3.016649435414246,9.794157846211267,0.8488939935083146,8.97241685373469,6.841147262370816,2.5628924240594992,2.03181655146902,5.979761835845586,5.2640608013821755,1.2774418079986307,4.052234282713135,6.512785799928848,7.3129870601575195,9.755408076585901,7.591324713445583,5.695177932120115,2.129773832808437,4.922254375313067,1.977657051431026,4.269478732595394,5.499206765235569,4.786514088443587,6.970129050354303,7.208287393968547,6.4068279692214425,0.9870727655178974,3.7368305666742243
36.79236424959677,8.693610929729763,1.4000451121370887,5.476450156580836,0.8632172091024811,4.523379204962585,8.550592109535254,0.0,2.876243493262633,8.527523390565493,8.094037847096821,2.5054032153355528,0.433634338892918,2.8846077736809654,1.2668651214364786,4.7801595671095,8.119305360992476,5.828911012444132,5.129454961398161,6.532682997713506,1.2703101292145338,7.701709266389413,0.42182515852436914,5.179592174054117,5.9877061266397105,8.17933295214473,2.570833122807593,7.749885871252633,7.2731640281344845,8.29799747198069,6.186206925485726,4.200602020363366,1.967531655166342,3.733801563627686,7.627018477533928,6.42082850885577,5.579225624418838,7.676510833868153,4.281117860630463,6.893886886905373,4.38683409034493,3.2215575686770155,1.8018449610236664,2.1437727514824907,9.126518673723776,7.612866374204351
36.706708663601354,7.63631608625526,1.5071654939935792,4.716661440544782,2.756655193101607,2.975831840003856,8.235222585184117,2.876243493262633,0.0,6.9904747910356635,6.31267266959988,0.5424717981742473,2.778685499347481,1.9220898360214338,1.9500140464407711,2.7063937567768934,6.840381718331738,3.7384837963315145,5.146564161015469,5.507767775567154,3.2123210505396123,7.442598910465846,3.0193770265035154,2.69393355759784,5.886578032061908,7.200090594564358,3.2894889696599607,5.709367257058405,7.047139432585507,6.6404594614768335,3.7689596864686155,1.6139522600826886,2.1627494119481927,1.0776983846939117,5.455207267448493,6.272484533173572,3.8951117637597457,6.787895009516423,4.453366216655579,4.789803151524731,3.4494846340633014,1.277351310760366,1.7807541794782478,3.0816048833066296,8.518849045465789,6.080422455593831
30.41406047337645,1.5401041723351843,7.87061108094651,3.290744379521493,7.748989752049662,4.118551357949791,3.6818766417581164,8.527523390565493,6.9904747910356635,0.0,0.9562196770020976,7.487792047693456,8.132201957750484,5.710193615663772,7.315006677948413,4.300660790862443,0.8307122153860595,3.3778505410126103,4.442166369114382,2.229247523645464,9.56643072282395,3.5946553349855224,8.91166324802244,4.660485644595763,3.9972297941424513,1.6640456910550383,6.291331340218739,1.9170305263154241,3.6253529786563075,0.48123617308991834,3.862216729192934,5.555003898117874,9.00843114613374,6.020527068904036,2.3959014167002675,3.828648578165383,3.1054087295208666,1.9348257603332053,4.985028746815146,2.5872772455689708,4.150517181413407,5.7984846361562195,6.781700246946137,6.647463882238739,3.07699709386258,0.9255820204444014
31.34476381022602,2.422281921569913,7.313531097912121,3.222631043402219,7.360709654439548,3.5848849345789,4.439222568622309,8.094037847096821,6.31267266959988,0.9562196770020976,0.0,6.8290149695085525,7.719735200477376,5.221617620863985,6.84853369453874,3.606798759990303,1.5350247436381268,2.6014543160518615,4.532981189370825,2.3174342211047714,9.059190450900003,4.213153522452709,8.458900222804072,3.846509303773449,4.2579931104522,2.415497087241821,6.032803186913683,0.9608144186154893,4.159855551520414,0.4749839934855773,2.9722087029166744,4.805760527409923,8.393983755975327,5.298351939967141,1.4396837798281237,4.181953508091211,2.5283404332222212,2.5293472160101484,4.933261858776044,1.6917361903334227,3.812280754646589,5.1822166643034455,6.308767563509729,6.351208838568496,3.9428800454037534,0.8227067649097893
37.07365047932101,8.084626504398528,1.1053833727691116,5.0934949767891995,2.5316934629969814,3.429634406456956,8.588269438649663,2.5054032153355528,0.5424717981742473,7.487792047693456,6.8290149695085525,0.0,2.4764825577508778,2.1957726481014244,1.778587929586673,3.2229886828328285,7.309845267113274,4.266529654067929,5.408091976664548,5.934519417519793,2.7071765120322873,7.78085137014413,2.594182046340547,3.236394244271957,6.181435116649657,7.63609072029375,3.347987024948882,6.241964708942047,7.376522942478895,7.147504155149044,4.31141611920698,2.1564134599555222,1.6202906181507595,1.6201521203430342,5.993693903801545,6.580565242589989,4.384779877600111,7.209164310022878,4.669827060373793,5.323455827662441,3.8215738351317263,1.7120119065652621,1.7657607599996692,3.080110667404717,8.91486699567601,6.57268175619088
36.37050302858852,8.272499465212055,1.4026276128249124,5.05544881413432,0.4296386633321525,4.164454588434694,8.117064682231844,0.433634338892918,2.778685499347481,8.132201957750484,7.719735200477376,2.4764825577508778,0.0,2.535619195000905,0.9704766139225762,4.4710722899688955,7.709757013688694,5.504968740620142,4.695946985855033,6.117050226082269,1.6945101713359174,7.2681878681799805,0.8554025889274242,4.9238379330802164,5.554189473110641,7.75650927664071,2.137335316117482,7.40361497156739,6.839645234687727,7.9124363900694625,5.90529348396312,3.9844269815947415,2.224889908026397,3.5461523712571017,7.29755028583368,5.9873121583460165,5.215554457573654,7.2518297682372515,3.847607376423014,6.561049302851994,3.984990664351746,2.958003319891648,1.4754367323667839,1.7102961189492805,8.6939720358196,7.221074998294773
34.89173861509561,6.071511351371902,2.2003670263394923,2.9514010038881335,2.226624267549445,1.6405379585334794,6.405405717375047,2.8846077736809654,1.9220898360214338,5.710193615663772,5.221617620863985,2.1957726481014244,2.535619195000905,0.0,1.6279352206141666,1.9814828203447743,5.386821829670664,2.9803258861404305,3.2278129721929387,3.886300292884855,3.8566715253719077,5.5908717533084005,3.238850789757395,2.5980612739597255,3.986932092282811,5.590586370639956,1.6711421166073073,4.868864250940571,5.183615382413123,5.448415562161564,3.465149580024462,1.9444188515986809,3.425993382459955,1.7786621193243721,4.76540992850759,4.384794039912236,2.6982597066838463,5.12984167897803,2.536482411473325,4.02755944186692,1.6982422414484681,0.8969366964184077,1.087814405778991,1.6745540566854378,6.776996894209388,4.786371384174191
36.0356365573557,7.572742013011133,0.9683761648282787,4.372156926936332,0.8194394661715961,3.2683698996772605,7.6311408669407506,1.2668651214364786,1.9500140464407711,7.315006677948413,6.84853369453874,1.778587929586673,0.9704766139225762,1.6279352206141666,0.0,3.5164377973146674,6.947268843139076,4.562294921107293,4.2473976548033034,5.391487148402992,2.2698167469265114,6.788315176297166,1.610916944248151,3.953371434859693,5.091441958616646,7.071008481089277,1.806520527309686,6.485365796359843,6.3633423544152485,7.067511730470876,4.9382821244585955,3.0238567361170205,2.1917874421054693,2.603958536826069,6.360169124033673,5.5193978337470195,4.326193387200252,6.5835420760004295,3.4186645525211636,5.62708747449943,3.2081965654207747,1.9875355977827633,0.5401280862506905,1.441092505745057,8.125075992076944,6.394586610669904
34.34780220425542,5.088797515873607,3.791000244881955,2.6863417153295135,4.194316718322021,0.8596780561935465,6.089671255651556,4.7801595671095,2.7063937567768934,4.300660790862443,3.606798759990303,3.2229886828328285,4.4710722899688955,1.9814828203447743,3.5164377973146674,0.0,4.226705549410572,1.072887493040028,3.7269536939944508,3.116964409302135,5.582055186988328,5.400046994504443,5.092001939038407,0.8933692179428135,4.183749373320033,4.708658796234735,3.431890856815838,3.0525181205758196,5.069798514694226,3.9374117260635435,1.4961783780476805,1.2926285488237652,4.802502549864009,1.7222660461252517,2.8667637448688184,4.461142748574771,1.2663902212483382,4.370990620831592,3.424563872932599,2.1511601408795684,1.7681922284932163,1.6257846022740465,2.995635583203079,3.566346910917254,6.170155843781016,3.4048085133157637
30.212887457827232,0.956585182760851,7.581359744454553,2.715620007453043,7.310309650432994,3.882935715613123,2.91386259115417,8.119305360992476,6.840381718331738,0.8307122153860595,1.5350247436381268,7.309845267113274,7.709757013688694,5.386821829670664,6.947268843139076,4.226705549410572,0.0,3.444300961300143,3.7366685451243975,1.6222683982951969,9.215630529731664,2.7708074479694043,8.516916338515358,4.731481461867491,3.2226980648379957,0.8831283635863489,5.770628412576297,2.4221876301218703,2.7946577858522144,1.1398912312986302,4.083243185543873,5.515875246374834,8.767617034121548,5.938333458001881,2.8844241339665304,3.0253279634778467,2.967586694806364,1.1041225624008095,4.349010035318304,2.8749934064507383,3.7402114849393797,5.59909250978926,6.426447606157981,6.149657025038586,2.4239518394487924,0.9653072579105474
33.65578620405837,4.3668049837791845,4.863886479325823,2.6536039757221013,5.2069496481128565,1.4750210405732378,5.691646353582281,5.828911012444132,3.7384837963315145,3.3778505410126103,2.6014543160518615,4.266529654067929,5.504968740620142,2.9803258861404305,4.562294921107293,1.072887493040028,3.444300961300143,0.0,3.9416978992268707,2.682280943916411,6.654071820321522,5.103515815063137,6.150961507963092,1.2920247178228188,4.190484282607456,4.060854443013331,4.260577249545989,1.9829557565230402,4.835527871416253,2.973768117538259,0.8961026550002672,2.2044183299048763,5.86143216724404,2.7028514213181127,1.8001908345405004,4.376992855337077,0.8775542540211754,3.8152388403780875,3.8652487831365403,1.0783840153902193,2.2218563694483313,2.698672065851451,4.032876533858429,4.459330718658288,5.611228169166801,2.536730213757694
31.79245648249948,3.95661066201325,5.144060375945708,1.3938311901033855,4.266309792297475,2.8721417648348786,3.4211508741593475,5.129454961398161,5.146564161015469,4.442166369114382,4.532981189370825,5.408091976664548,4.695946985855033,3.2278129721929387,4.2473976548033034,3.7269536939944508,3.7366685451243975,3.9416978992268707,0.0,2.2393325900662293,6.375456429773197,2.572260906219598,5.551280119774099,4.617751381709602,0.8582589662395175,3.424151263915046,2.558621961394284,4.814132210402462,2.1437134826446367,4.462081141484201,4.824827609182975,4.6526856069292295,6.41216999753572,4.759205505661963,5.025784659847972,1.291377724605555,3.079950605339253,2.8983777367324417,0.8483396136994462,4.435627130215956,1.9799385515697727,3.9731399840241655,3.864859656252567,2.9856840153191966,4.046547129094209,3.75056176743959
31.260576809693614,2.1869572308941527,6.0850172645456535,1.0933575368689308,5.7110868984225265,2.5465007227449408,3.016649435414246,6.532682997713506,5.507767775567154,2.229247523645464,2.3174342211047714,5.934519417519793,6.117050226082269,3.886300292884855,5.391487148402992,3.116964409302135,1.6222683982951969,2.682280943916411,2.2393325900662293,0.0,7.660387091496999,2.431392133476423,6.936481410971575,3.830424757739727,1.9587649318765141,1.7073351820376472,4.149756202236723,2.756605911258786,2.2014825135731373,2.2227490796010745,3.5279009623111537,4.382474751555739,7.307441403311719,4.722829495344726,3.0725393481315195,1.9520541914340341,1.9096107468990442,1.281945358415467,2.7575488684190708,2.6637195062309704,2.195487137526685,4.233839382786656,4.884184313913564,4.532510945022773,3.058966640629253,1.5161945518051145
38.062617092856954,9.839562497637656,1.801573096739654,6.632035709316987,2.1198872446104686,5.476962109298453,9.794157846211267,1.2703101292145338,3.2123210505396123,9.56643072282395,9.059190450900003,2.7071765120322873,1.6945101713359174,3.8566715253719077,2.2698167469265114,5.582055186988328,9.215630529731664,6.654071820321522,6.375456429773197,7.660387091496999,0.0,8.945776009110734,0.8634068459139954,5.817740250677809,7.232849233659193,9.33482303766809,3.8207889265121286,8.623188066873535,8.517497055190715,9.301917569179741,6.8758901998683655,4.7613499479473536,1.3892031707066042,4.240522530321234,8.447153963270113,7.665693297447761,6.531048196544424,8.842576736740096,5.527940244894303,7.732328698358133,5.477700570614394,3.958520173032687,2.790529646844176,3.3951937892514943,10.343201486695813,8.642965475134961
29.30389457632026,2.3203267999658905,7.651068203141711,2.769163653452425,6.8385493353009315,4.679760396805065,0.8488939935083146,7.701709266389413,7.442598910465846,3.5946553349855224,4.213153522452709,7.78085137014413,7.2681878681799805,5.5908717533084005,6.788315176297166,5.400046994504443,2.7708074479694043,5.103515815063137,2.572260906219598,2.431392133476423,8.945776009110734,0.0,8.123534263096044,6.189894660693876,1.7140040978746038,1.9591951669883585,5.130877113119195,4.9419569713140685,0.42854825321881246,3.888502814780577,5.958654052031526,6.588930496510061,8.920766440530537,6.839634299947899,5.33791726634959,1.2808831879027656,4.289613660773333,1.6879343030171896,3.420592546619022,5.045388401446913,4.0028227106599585,6.1864859599645055,6.371386052081457,5.557941975068062,1.617330557738223,3.4381605851960195
37.205103074116785,9.102115263216715,1.5122659311408295,5.885560332907734,1.2850227911743022,4.8792347795209965,8.97241685373469,0.42182515852436914,3.0193770265035154,8.91166324802244,8.458900222804072,2.594182046340547,0.8554025889274242,3.238850789757395,1.610916944248151,5.092001939038407,8.516916338515358,6.150961507963092,5.551280119774099,6.936481410971575,0.8634068459139954,8.123534263096044,0.0,5.442665826917928,6.40953120628872,8.589569482005052,2.992658274741071,8.089237732171172,7.694989093173936,8.67315895960846,6.468667960768084,4.433696738199818,1.774833825644214,3.9454844485550207,7.951088952273792,6.842653608648609,5.93710529520879,8.088619126175315,4.7029429863984324,7.222035013965032,4.779771623801886,3.5036377605741458,2.1510375426088597,2.565597727468202,9.546630687941654,7.9941686546628175
34.93753487507439,5.644970476336108,4.021233346658498,3.531910537418068,4.704798978388962,1.7530299047592017,6.841147262370816,5.179592174054117,2.69393355759784,4.660485644595763,3.846509303773449,3.236394244271957,4.9238379330802164,2.5980612739597255,3.953371434859693,0.8933692179428135,4.731481461867491,1.2920247178228188,4.617751381709602,3.830424757739727,5.817740250677809,6.189894660693876,5.442665826917928,0.0,5.050621260140377,5.31703144447869,4.181734897570339,3.108597391713495,5.879772298763419,4.243173032579598,1.0750311845218685,1.0799813863689607,4.856682342912266,1.6162432042105759,2.7993776374734103,5.310275182763215,1.9208160609402516,5.034475951302991,4.3112088160497555,2.1967470542756136,2.6613276346532992,1.965835869186163,3.4767165745493998,4.259652061261561,6.839544291682657,3.8287143095724385
30.96099693851454,3.2786908270059802,5.974013117256552,1.541989055035532,5.124551300507298,3.3652594857441342,2.5628924240594992,5.9877061266397105,5.886578032061908,3.9972297941424513,4.2579931104522,6.181435116649657,5.554189473110641,3.986932092282811,5.091441958616646,4.183749373320033,3.2226980648379957,4.190484282607456,0.8582589662395175,1.9587649318765141,7.232849233659193,1.7140040978746038,6.40953120628872,5.050621260140377,0.0,2.7597637036298117,3.416873443876942,4.701717263138542,1.2854579474610668,4.102294195242679,5.086516744179216,5.237146533797321,7.243861011776213,5.405544221616629,4.9850916592814,0.43312272553663406,3.3135980360491457,2.2521054290955482,1.7065886283693876,4.485391950510629,2.5459663495541447,4.670099412755873,4.692911073239545,3.8439379232405835,3.210941131192299,3.4403303365350353
29.64152599495602,0.5340759946534313,7.7870469730229885,2.704623107422816,7.341292494340644,4.226744621524626,2.03181655146902,8.17933295214473,7.200090594564358,1.6640456910550383,2.415497087241821,7.63609072029375,7.75650927664071,5.590586370639956,7.071008481089277,4.708658796234735,0.8831283635863489,4.060854443013331,3.424151263915046,1.7073351820376472,9.33482303766809,1.9591951669883585,8.589569482005052,5.31703144447869,2.7597637036298117,0.0,5.715548439923051,3.2783722159865207,2.0583127898723315,2.0204191719226587,4.783574002919815,5.99783981225682,9.01380352633858,6.375114887490772,3.7294624056826016,2.4720614143470088,3.4473054242674563,0.5272803549131011,4.14861948123736,3.6405487416144164,3.8951968349502706,5.930501218151283,6.573009091683897,6.119556006464425,1.594945483787654,1.7687757327653126
34.28179978887019,6.242212252798891,2.767771214412568,3.058497590813577,1.707702805807586,2.7856640600778717,5.979761835845586,2.570833122807593,3.2894889696599607,6.291331340218739,6.032803186913683,3.347987024948882,2.137335316117482,1.6711421166073073,1.806520527309686,3.431890856815838,5.770628412576297,4.260577249545989,2.558621961394284,4.149756202236723,3.8207889265121286,5.130877113119195,2.992658274741071,4.181734897570339,3.416873443876942,5.715548439923051,0.0,5.915347194892004,4.702331390670598,6.1435384082629,4.9166206567761295,3.6151367159043923,3.994776525029668,3.424107476527626,5.923884326471897,3.8499956547501357,3.701345747330784,5.1985465110464695,1.7102848968762836,5.194643371100141,2.2325627884880306,2.551075186853831,1.5895852261173662,0.42706979416237556,6.570810998917555,5.420096940601186
32.282248620492034,3.349052749148971,6.839927334028916,3.4289431112521203,7.0764333682321565,3.2463823211566383,5.2640608013821755,7.749885871252633,5.709367257058405,1.9170305263154241,0.9608144186154893,6.241964708942047,7.40361497156739,4.868864250940571,6.485365796359843,3.0525181205758196,2.4221876301218703,1.9829557565230402,4.814132210402462,2.756605911258786,8.623188066873535,4.9419569713140685,8.089237732171172,3.108597391713495,4.701717263138542,3.2783722159865207,5.915347194892004,0.0,4.827393322925776,1.4357946305020433,2.134216557317005,4.136845977059719,7.84266082979215,4.6554911152994265,0.4789308349802716,4.70605987005843,2.2251608214214453,3.3005483730975755,5.0622645413996885,0.9208908284760151,3.6934729543504212,4.676188584115315,5.948089229065273,6.185843165703618,4.84611413300498,1.5272979978651653
29.717308058042075,2.485919215494477,7.230359697369343,2.4078674760782697,6.4100068323976975,4.325629060563508,1.2774418079986307,7.2731640281344845,7.047139432585507,3.6253529786563075,4.159855551520414,7.376522942478895,6.839645234687727,5.183615382413123,6.3633423544152485,5.069798514694226,2.7946577858522144,4.835527871416253,2.1437134826446367,2.2014825135731373,8.517497055190715,0.42854825321881246,7.694989093173936,5.879772298763419,1.2854579474610668,2.0583127898723315,4.702331390670598,4.827393322925776,0.0,3.87372130416342,5.705884601888444,6.234941139263324,8.500335517481169,6.468910311213648,5.200328176866338,0.8523360565609636,4.000197093289889,1.6905363753141973,2.992046551752088,4.856019578329986,3.6180337867656442,5.797534649603783,5.95004000679864,5.129395682126167,1.9976521758214323,3.358801507887217
30.882370943756438,1.9753015326888954,7.579903481431912,3.220875081063235,7.540491959289031,3.8290788912018265,4.052234282713135,8.29799747198069,6.6404594614768335,0.48123617308991834,0.4749839934855773,7.147504155149044,7.9124363900694625,5.448415562161564,7.067511730470876,3.9374117260635435,1.1398912312986302,2.973768117538259,4.462081141484201,2.2227490796010745,9.301917569179741,3.888502814780577,8.67315895960846,4.243173032579598,4.102294195242679,2.0204191719226587,6.1435384082629,1.4357946305020433,3.87372130416342,0.0,3.4096494800365527,5.169104672476587,8.691111563898563,5.648075874614181,1.914667289345655,3.9812988571696635,2.788670863823845,2.2020489073541367,4.93546001924112,2.1298294132690923,3.9546399994438444,5.475778335800703,6.530060899948623,6.481989164134975,3.506703886140919,0.7327368370174312
34.262106585743744,5.032816633300739,5.075593036969956,3.549516557240316,5.654092810042209,2.1917645264560126,6.512785799928848,6.186206925485726,3.7689596864686155,3.862216729192934,2.9722087029166744,4.31141611920698,5.90529348396312,3.465149580024462,4.9382821244585955,1.4961783780476805,4.083243185543873,0.8961026550002672,4.824827609182975,3.5279009623111537,6.8758901998683655,5.958654052031526,6.468667960768084,1.0750311845218685,5.086516744179216,4.783574002919815,4.9166206567761295,2.134216557317005,5.705884601888444,3.4096494800365527,0.0,2.15500838602734,5.931706191725569,2.69126418787134,1.7705333868882525,5.268989753365424,1.7735600167533894,4.592536302527829,4.701975663685781,1.2810759482651943,3.0318297694675627,2.9665600570251947,4.436638941185929,5.061973408186605,6.363397616074756,3.1283373528297647
35.63262232238168,6.381408676596023,2.975694938316232,3.8271028730168255,3.81616024930639,1.909726311897575,7.3129870601575195,4.200602020363366,1.6139522600826886,5.555003898117874,4.805760527409923,2.1564134599555222,3.9844269815947415,1.9444188515986809,3.0238567361170205,1.2926285488237652,5.515875246374834,2.2044183299048763,4.6526856069292295,4.382474751555739,4.7613499479473536,6.588930496510061,4.433696738199818,1.0799813863689607,5.237146533797321,5.99783981225682,3.6151367159043923,4.136845977059719,6.234941139263324,5.169104672476587,2.15500838602734,0.0,3.776700970383854,0.5362664109516028,3.8576854750491343,5.560611065126935,2.5590066327392913,5.648920637782085,4.164150973094338,3.2163436699356662,2.6960462071377935,1.1071273702675888,2.601686337303822,3.5961710916501297,7.4412326166704545,4.675379923337922
38.20373316068983,9.48843892306481,1.2701436680278235,6.370304244851442,2.534265820224686,4.898366003145496,9.755408076585901,1.967531655166342,2.1627494119481927,9.00843114613374,8.393983755975327,1.6202906181507595,2.224889908026397,3.425993382459955,2.1917874421054693,4.802502549864009,8.767617034121548,5.86143216724404,6.41216999753572,7.307441403311719,1.3892031707066042,8.920766440530537,1.774833825644214,4.856682342912266,7.243861011776213,9.01380352633858,3.994776525029668,7.84266082979215,8.500335517481169,8.691111563898563,5.931706191725569,3.776700970383854,0.0,3.2404420065685398,7.606592982151004,7.66629371047574,5.9064554862224945,8.555824242535266,5.596258999030917,6.9272266174330905,5.124231330066507,3.2154228501704343,2.55123064270324,3.6115667387666086,10.185987540345797,8.085585592518678
35.98278200546186,6.779606487210667,2.466634367014559,4.071006385488973,3.4142205340892584,2.1884632861154034,7.591324713445583,3.733801563627686,1.0776983846939117,6.020527068904036,5.298351939967141,1.6201521203430342,3.5461523712571017,1.7786621193243721,2.603958536826069,1.7222660461252517,5.938333458001881,2.7028514213181127,4.759205505661963,4.722829495344726,4.240522530321234,6.839634299947899,3.9454844485550207,1.6162432042105759,5.405544221616629,6.375114887490772,3.424107476527626,4.6554911152994265,6.468910311213648,5.648075874614181,2.69126418787134,0.5362664109516028,3.2404420065685398,0.0,4.386705467852261,5.754115095785704,2.9707468012167513,6.001066755246522,4.191109000261022,3.734617371644514,2.8659229175746788,0.8817325877478841,2.232703885112434,3.3458063934681443,7.7764496167349995,5.127072993632164
32.747968576519085,3.8190741730465296,6.651979647627515,3.631995291883536,6.98922282373322,3.1836261565946975,5.695177932120115,7.627018477533928,5.455207267448493,2.3959014167002675,1.4396837798281237,5.993693903801545,7.29755028583368,4.76540992850759,6.360169124033673,2.8667637448688184,2.8844241339665304,1.8001908345405004,5.025784659847972,3.0725393481315195,8.447153963270113,5.33791726634959,7.951088952273792,2.7993776374734103,4.9850916592814,3.7294624056826016,5.923884326471897,0.4789308349802716,5.200328176866338,1.914667289345655,1.7705333868882525,3.8576854750491343,7.606592982151004,4.386705467852261,0.0,5.022702057655753,2.2280156616020435,3.722358798626176,5.201076467704709,0.7398878683025337,3.735794428431207,4.488692246621314,5.828586298511858,6.16737784960219,5.306463263477589,1.9649370834907025
30.541388209316597,2.973867708884321,6.39618487752147,1.7784384713915655,5.557673961255557,3.6671469884616323,2.129773832808437,6.42082850885577,6.272484533173572,3.828648578165383,4.181953508091211,6.580565242589989,5.9873121583460165,4.384794039912236,5.5193978337470195,4.461142748574771,3.0253279634778467,4.376992855337077,1.291377724605555,1.9520541914340341,7.665693297447761,1.2808831879027656,6.842653608648609,5.310275182763215,0.43312272553663406,2.4720614143470088,3.8499956547501357,4.70605987005843,0.8523360565609636,3.9812988571696635,5.268989753365424,5.560611065126935,7.66629371047574,5.754115095785704,5.022702057655753,0.0,3.5081297476046998,1.9897557610577215,2.1397107596430764,4.574085585827818,2.888192776939224,5.041878877195309,5.11506459416737,4.277059685846193,2.7951441025964483,3.3592479727174416
33.08877131009509,3.8224073989443657,4.793432344138914,1.7760552946273878,4.872542672577627,1.058141087521356,4.922254375313067,5.579225624418838,3.8951117637597457,3.1054087295208666,2.5283404332222212,4.384779877600111,5.215554457573654,2.6982597066838463,4.326193387200252,1.2663902212483382,2.967586694806364,0.8775542540211754,3.079950605339253,1.9096107468990442,6.531048196544424,4.289613660773333,5.93710529520879,1.9208160609402516,3.3135980360491457,3.4473054242674563,3.701345747330784,2.2251608214214453,4.000197093289889,2.788670863823845,1.7735600167533894,2.5590066327392913,5.9064554862224945,2.9707468012167513,2.2280156616020435,3.5081297476046998,0.0,3.128897086913231,3.0695264599483623,1.5132686925508119,1.511944113305982,2.693566635497022,3.7860683733061995,3.9617287388189686,4.93382953525509,2.1879166532262753
29.98574566659816,1.0613299359049662,7.319450757594106,2.2114196291639914,6.834442764058742,3.828285584049277,1.977657051431026,7.676510833868153,6.787895009516423,1.9348257603332053,2.5293472160101484,7.209164310022878,7.2518297682372515,5.12984167897803,6.5835420760004295,4.370990620831592,1.1041225624008095,3.8152388403780875,2.8983777367324417,1.281945358415467,8.842576736740096,1.6879343030171896,8.088619126175315,5.034475951302991,2.2521054290955482,0.5272803549131011,5.1985465110464695,3.3005483730975755,1.6905363753141973,2.2020489073541367,4.592536302527829,5.648920637782085,8.555824242535266,6.001066755246522,3.722358798626176,1.9897557610577215,3.128897086913231,0.0,3.622023758628255,3.5293297608979826,3.431599749066171,5.512754414070277,6.092446297111435,5.605166868475523,1.805569948192525,1.776619652225453
32.61703403664935,4.682429875469139,4.332682757951582,1.715975583703392,3.4179701921995878,2.57439380344928,4.269478732595394,4.281117860630463,4.453366216655579,4.985028746815146,4.933261858776044,4.669827060373793,3.847607376423014,2.536482411473325,3.4186645525211636,3.424563872932599,4.349010035318304,3.8652487831365403,0.8483396136994462,2.7575488684190708,5.527940244894303,3.420592546619022,4.7029429863984324,4.3112088160497555,1.7065886283693876,4.14861948123736,1.7102848968762836,5.0622645413996885,2.992046551752088,4.93546001924112,4.701975663685781,4.164150973094338,5.596258999030917,4.191109000261022,5.201076467704709,2.1397107596430764,3.0695264599483623,3.622023758628255,0.0,4.542286788626994,1.678224855906645,3.3541454673970965,3.0606720448185056,2.137349504310044,4.879235888887524,4.204867008365606
32.99819586501139,3.831541100784588,5.942111199157604,3.0496446855847856,6.250321873242903,2.444651600651911,5.499206765235569,6.893886886905373,4.789803151524731,2.5872772455689708,1.6917361903334227,5.323455827662441,6.561049302851994,4.02755944186692,5.62708747449943,2.1511601408795684,2.8749934064507383,1.0783840153902193,4.435627130215956,2.6637195062309704,7.732328698358133,5.045388401446913,7.222035013965032,2.1967470542756136,4.485391950510629,3.6405487416144164,5.194643371100141,0.9208908284760151,4.856019578329986,2.1298294132690923,1.2810759482651943,3.2163436699356662,6.9272266174330905,3.734617371644514,0.7398878683025337,4.574085585827818,1.5132686925508119,3.5293297608979826,4.542286788626994,0.0,3.0251885252249417,3.776893667267527,5.093997206672072,5.431763822068589,5.235264568163093,1.9096985193500307
33.259885139582096,4.3824338996429635,3.8918559551379217,1.2719474867003404,3.5985261430640496,0.9088213872096664,4.786514088443587,4.38683409034493,3.4494846340633014,4.150517181413407,3.812280754646589,3.8215738351317263,3.984990664351746,1.6982422414484681,3.2081965654207747,1.7681922284932163,3.7402114849393797,2.2218563694483313,1.9799385515697727,2.195487137526685,5.477700570614394,4.0028227106599585,4.779771623801886,2.6613276346532992,2.5459663495541447,3.8951968349502706,2.2325627884880306,3.6934729543504212,3.6180337867656442,3.9546399994438444,3.0318297694675627,2.6960462071377935,5.124231330066507,2.8659229175746788,3.735794428431207,2.888192776939224,1.511944113305982,3.431599749066171,1.678224855906645,3.0251885252249417,0.0,2.1846510003895028,2.692752922955271,2.5389533900500214,5.096410209992098,3.2473376621215966
35.43297107679078,6.374302676171464,2.1652215478111887,3.445484674014014,2.7486768167493407,1.7176573780496716,6.970129050354303,3.2215575686770155,1.277351310760366,5.7984846361562195,5.1822166643034455,1.7120119065652621,2.958003319891648,0.8969366964184077,1.9875355977827633,1.6257846022740465,5.59909250978926,2.698672065851451,3.9731399840241655,4.233839382786656,3.958520173032687,6.1864859599645055,3.5036377605741458,1.965835869186163,4.670099412755873,5.930501218151283,2.551075186853831,4.676188584115315,5.797534649603783,5.475778335800703,2.9665600570251947,1.1071273702675888,3.2154228501704343,0.8817325877478841,4.488692246621314,5.041878877195309,2.693566635497022,5.512754414070277,3.3541454673970965,3.776893667267527,2.1846510003895028,0.0,1.5215034389462205,2.4996692679848906,7.241656676081761,4.8782725956994115
35.65355913887758,7.0692917328612,1.2811611508639582,3.8838105247196366,1.2284343655214987,2.728246335843471,7.208287393968547,1.8018449610236664,1.7807541794782478,6.781700246946137,6.308767563509729,1.7657607599996692,1.4754367323667839,1.087814405778991,0.5401280862506905,2.995635583203079,6.426447606157981,4.032876533858429,3.864859656252567,4.884184313913564,2.790529646844176,6.371386052081457,2.1510375426088597,3.4767165745493998,4.692911073239545,6.573009091683897,1.5895852261173662,5.948089229065273,5.95004000679864,6.530060899948623,4.436638941185929,2.601686337303822,2.55123064270324,2.232703885112434,5.828586298511858,5.11506459416737,3.7860683733061995,6.092446297111435,3.0606720448185056,5.093997206672072,2.692752922955271,1.5215034389462205,0.0,1.3177852754762103,7.667011599287027,5.8601350484662476
34.6976680557213,6.644047842672075,2.4094174182619326,3.445903266764238,1.2806734110049602,2.9945521704023585,6.4068279692214425,2.1437727514824907,3.0816048833066296,6.647463882238739,6.351208838568496,3.080110667404717,1.7102961189492805,1.6745540566854378,1.441092505745057,3.566346910917254,6.149657025038586,4.459330718658288,2.9856840153191966,4.532510945022773,3.3951937892514943,5.557941975068062,2.565597727468202,4.259652061261561,3.8439379232405835,6.119556006464425,0.42706979416237556,6.185843165703618,5.129395682126167,6.481989164134975,5.061973408186605,3.5961710916501297,3.6115667387666086,3.3458063934681443,6.16737784960219,4.277059685846193,3.9617287388189686,5.605166868475523,2.137349504310044,5.431763822068589,2.5389533900500214,2.4996692679848906,1.3177852754762103,0.0,6.9949036351598055,5.764250490828663
28.2074006984327,1.536902563766935,8.928129559593621,3.8275995009070294,8.26638511751107,5.591409127042081,0.9870727655178974,9.126518673723776,8.518849045465789,3.07699709386258,3.9428800454037534,8.91486699567601,8.6939720358196,6.776996894209388,8.125075992076944,6.170155843781016,2.4239518394487924,5.611228169166801,4.046547129094209,3.058966640629253,10.343201486695813,1.617330557738223,9.546630687941654,6.839544291682657,3.210941131192299,1.594945483787654,6.570810998917555,4.84611413300498,1.9976521758214323,3.506703886140919,6.363397616074756,7.4412326166704545,10.185987540345797,7.7764496167349995,5.306463263477589,2.7951441025964483,4.93382953525509,1.805569948192525,4.879235888887524,5.235264568163093,5.096410209992098,7.241656676081761,7.667011599287027,6.9949036351598055,0.0,3.3567426719245077
31.14525637562801,1.9218835181461689,6.945046770567382,2.4894843198389145,6.842519932676875,3.1933586668362377,3.7368305666742243,7.612866374204351,6.080422455593831,0.9255820204444014,0.8227067649097893,6.57268175619088,7.221074998294773,4.786371384174191,6.394586610669904,3.4048085133157637,0.9653072579105474,2.536730213757694,3.75056176743959,1.5161945518051145,8.642965475134961,3.4381605851960195,7.9941686546628175,3.8287143095724385,3.4403303365350353,1.7687757327653126,5.420096940601186,1.5272979978651653,3.358801507887217,0.7327368370174312,3.1283373528297647,4.675379923337922,8.085585592518678,5.127072993632164,1.9649370834907025,3.3592479727174416,2.1879166532262753,1.776619652225453,4.204867008365606,1.9096985193500307,3.2473376621215966,4.8782725956994115,5.8601350484662476,5.764250490828663,3.3567426719245077,0.0
% turbine_revenues (turbine_nr, period_nr, revenue)
1,1,92458
1,2,78834
1,3,69969
1,4,59950
1,5,49193
1,6,32816
1,7,19182
1,8,9604
2,1,92458
2,2,78834
2,3,69969
2,4,59950
2,5,49193
2,6,32816
2,7,19182
2,8,9604
3,1,92458
3,2,78834
3,3,69969
3,4,59950
3,5,49193
3,6,32816
3,7,19182
3,8,9604
4,1,92458
4,2,78834
4,3,69969
4,4,59950
4,5,49193
4,6,32816
4,7,19182
4,8,9604
5,1,92458
5,2,78834
5,3,69969
5,4,59950
5,5,49193
5,6,32816
5,7,19182
5,8,9604
6,1,2670
6,2,2536
6,3,2409
6,4,2289
6,5,2174
6,6,2065
6,7,1962
6,8,1864
7,1,9045
